70932.74591414099 861243.680503897 501710.83657699404 646305.427010764 552281.132929199 159663.734041759 1058747.736122502 1456267.324710632 1119954.035723827 480496.75414294703 61736.91473651499 315275.087946703 989482.410224559 33657966.2944906 899311.8798243171 1142261.305121122 479120.79213138827 1052906.207441219 1413219.3660814788 1041148.3175198749 33968703.90796814 34035291.3487955 631033.8401309259 1435607.886548826 1083743.385332256 1070905.745132483 1505583.724534321 32940529.830387883 33395569.669487868 33749166.49309635 32934942.423155453 33505143.386444516 950120.0391721679 33808397.16867421 33681068.6500597 33200925.473695166 33276628.442088947 33857762.325149864 33051833.744090214 34010342.44376869 861243.680503897 10456957.04640729 6091619.348351148 7847242.588946815 6705628.401479634 1938588.1679466371 12854990.811818063 17682659.356734335 13598138.959536394 5834044.455421912 749590.7142096271 3827973.577155359 12015094.19215071 44391683.88682449 10919169.465655226 13868986.993827542 5804100.80893613 12784064.759310147 17158876.799674936 12642406.445174063 48164564.838398695 48973049.15512036 7661819.657379398 17430711.359578677 13158480.33058066 13002609.634301404 18280336.55702866 35680790.02661069 41205744.414767995 45499008.77179346 35612949.438920565 42536154.93338025 11536066.578440586 46218169.49757643 44672185.61394933 38842434.19164361 39761596.45280059 46817546.111350656 37032208.064304456 48670127.18991328 501710.83657699404 6091619.348351148 3548625.677673147 4571350.400875665 3906311.8966660164 1129309.524744163 7488575.347935605 10300251.15120564 7921490.546424216 3398577.4184660106 436668.26570666104 2229956.363413401 6998658.255989115 39508638.69160236 6360877.613795234 8080368.794204791 3381133.979090343 7448355.116148531 9996870.540081736 7364093.785624723 41706501.27262269 42177477.55039856 4464427.914936081 18403933.005478248 40589931.314553455 12278781.632000241 18902587.912463445 34434174.930795066 37652694.32418022 40153702.22817918 34394654.921796136 38427714.66905314 39616451.036582716 40572643.73977884 39672042.80052401 36275966.25525439 36811417.11246741 40921805.94453994 35221433.043226 42001012.70540531 646305.427010764 7847242.588946815 4571350.400875665 5888827.502732982 5032122.877067884 1454779.96767385 9646805.560292216 13268814.889503507 10204488.236886531 4378057.776580898 562517.3892098761 2872636.5758896526 9015692.871017553 41472470.18015564 8194101.9061808605 10407741.460591055 4355587.084875004 9593580.330673698 12876582.375095667 9486448.032770574 44303763.44786495 44910476.52266461 5749680.070157164 13080575.919886706 9874554.021566717 9757583.552931998 13718162.457201835 34935530.51555683 39081636.99608716 9328971.014057146 34884620.719655536 40080020.56370679 8657041.676800918 9852932.797002187 41682967.85071097 4479164.065096501 5148841.760089155 43292916.53742151 35949678.812599435 44683153.97214146 552281.132929199 6705628.401479634 3906311.8966660164 5032122.877067884 4300051.349467784 1243139.071917827 8243391.562758984 11338472.204536764 8719942.752912253 3741139.4177250443 480682.550419047 2454726.382174984 7704092.933238426 40195466.1867666 7002026.743011549 8893626.766642774 3723031.220146588 8197909.521473816 11003301.543150345 8106362.79389503 42614863.8711981 43133312.53387306 4913218.565738494 11177618.176307071 8438007.255214665 8338053.610641964 11722448.840653235 34609518.28508772 38152450.602557324 18950800.175009202 34566014.82900886 39005589.66774065 7397618.192983655 19403014.290600765 40375340.72767993 14765091.919938896 20813083.13604775 41751074.62607333 35476128.63221015 42939060.790817276 159663.734041759 1938588.1679466371 1129309.524744163 1454779.96767385 1243139.071917827 359389.83666322695 2384245.5600274983 3277937.091392755 2520923.742544051 1081558.3828415289 138964.679965737 709658.101391488 2227242.923547897 34864137.60993631 2024276.5305415571 2571135.5577268256 1076007.207817581 2370004.636212689 3181039.7031832924 2343538.6001795405 35563582.89093973 35713465.84440548 1420404.890908466 3231434.4077928364 2439416.568683941 2410520.1042349082 3388944.2213701764 33249246.050396036 34273503.991252325 2304635.369937701 33236669.2478068 34520145.5818523 2138641.48761069 2434075.2466026847 34916139.1471883 1106535.749400507 1271973.3844851102 35313862.344717994 33499782.174185768 35657307.87340223 1058747.736122502 12854990.811818063 7488575.347935605 9646805.560292216 8243391.562758984 2384245.5600274983 15802951.85669738 21736360.45463133 16716521.89130137 7173029.203027619 921490.0377829841 4705820.722398503 14769092.162685242 47074112.61653857 13423199.744509611 17049481.946196873 7135121.836937656 15715760.740843937 21093823.243418925 15540261.552487832 51712206.63866461 52706096.009810574 9418860.655190164 32541585.44891212 49355937.191917606 22619253.14263273 33596496.7117336 36365599.61042991 43157559.98477971 48435373.94321336 36282201.53127998 44793065.88929931 47301626.29145297 49319455.65848979 47418940.19007519 40252285.43225806 41382233.88373444 50056283.86087142 38026930.567455016 52333706.694051325 1456267.324710632 17682659.356734335 10300251.15120564 13268814.889503507 11338472.204536764 3277937.091392755 21736360.45463133 29897538.769848585 22992941.36133621 9864720.64023664 1267474.570462228 6472677.787319682 20314325.687181298 52473080.054007575 18463101.751304876 23450915.278856896 9814089.262675278 21616432.384241823 29013753.224269815 21375039.911987547 58852602.3357687 60219659.44124881 12955285.324519416 29473395.24693557 22249527.493845526 21985967.47359833 30910017.00835543 37743926.87144953 47086010.56753267 21020209.784990344 37629215.97907537 49335586.86116985 19506206.192468412 22200810.15133584 52947377.29296995 10092535.196845006 11601465.347433224 56574943.40789631 40029024.54458026 59707452.07200563 1119954.035723827 13598138.959536394 7921490.546424216 10204488.236886531 8719942.752912253 2520923.742544051 16716521.89130137 22992941.36133621 17682905.489832826 7586542.322864016 974761.4577897381 4977864.631611564 15622894.6775879 47905394.4652877 14199196.100525264 18035113.994741403 7547603.856916239 16624290.249383572 22313259.017517902 16438645.437536785 52811617.11013632 53862963.31310888 9963365.816803087 22666750.392032586 17111177.10797499 16908484.16601122 23771595.850149658 36577821.38190609 43762425.58194682 16165760.489846379 36489602.052476756 45492480.22643198 15001403.915491302 17073710.645995352 48270156.55113211 7761744.9300644975 8922199.733314605 51059965.291140825 38335194.02745004 53469046.13830344 480496.75414294703 5834044.455421912 3398577.4184660106 4378057.776580898 3741139.4177250443 1081558.3828415289 7173029.203027619 9864720.64023664 7586542.322864016 3254873.722516912 418204.409816612 2135666.037853492 6702730.597373569 39221579.88290846 6091917.5431446005 7737651.241615964 3238167.852541526 7132361.909474662 9573114.779964084 7052714.2394180875 41326511.15762638 41777573.34199664 4274608.405887477 9724774.091555439 7341252.227939233 7254290.354867068 10198788.773873832 26174840.94934696 37444109.6366523 6935637.709991624 34323828.554675944 38186360.11971415 6436090.820747163 7325177.895603977 31154703.914776538 3330041.3467157083 3827914.2490896853 40574994.774632186 35115648.361828014 33368954.30546423 61736.91473651499 749590.7142096271 436668.26570666104 562517.3892098761 480682.550419047 138964.679965737 921490.0377829841 1267474.570462228 974761.4577897381 418204.409816612 53733.245372977995 274402.336639732 861204.3761460539 33533071.837679572 782723.693136767 994176.7781898848 416057.94605514605 916405.8139385579 1230007.415945386 906172.2350998931 33803524.94507668 33861479.8868163 549225.6345352011 1249493.4539008648 943245.2122677589 932071.863651159 1310397.515736506 207826.35870980402 33304692.71804763 891129.586731245 32903781.902236897 33400061.128419142 826945.003917183 941179.892000199 833586.467411873 427862.367266054 491831.866869248 33706966.0010951 33005519.251059167 1111824.9600750753 315275.087946703 3827973.577155359 2229956.363413401 2872636.5758896526 2454726.382174984 709658.101391488 4705820.722398503 6472677.787319682 4977864.631611564 2135666.037853492 274402.336639732 1401304.570953945 4397956.823536277 36976535.70867751 3997175.4702167874 5077013.850078251 2124704.5806109533 4679856.854159651 6281342.33614231 4627596.5090785995 38357672.54688804 38653634.03819189 2804758.886473054 6380852.691597646 4816918.99444945 4759859.478553779 6691874.606662447 1061317.58931456 35810260.274693616 4550777.440493502 33762908.32565346 36297283.05669567 4223002.719681976 4806371.916874031 4256919.023992286 2184986.8274856517 2511663.1717665074 37864570.00547082 34282455.694262646 5677813.890846809 989482.410224559 12015094.19215071 6998658.255989115 9015692.871017553 7704092.933238426 2227242.923547897 14769092.162685242 20314325.687181298 15622894.6775879 6702730.597373569 861204.3761460539 4397956.823536277 13802869.570690209 46133375.98417067 12545028.039225256 15934071.841312561 6668328.357721342 14687605.258372415 19713824.503832504 14523587.566563195 50468036.919238225 51396904.124243945 8802660.562750412 20026135.08631308 15117771.11070075 14938691.349967364 21002269.027485754 36125434.62317075 42473051.80530913 47405580.960397184 36047492.60775965 44001559.74835075 13253780.80669089 48231824.33889167 46455644.27049957 39757845.93660867 40813870.97359348 48920447.81428551 37678078.093803555 51048877.23820897 33657966.2944906 44391683.88682449 39508638.69160236 41472470.18015564 40195466.1867666 34864137.60993631 47074112.61653857 52473080.054007575 47905394.4652877 39221579.88290846 33533071.837679572 36976535.70867751 46133375.98417067 12333175.44836124 44908712.41682484 48208363.739135504 39187021.87303349 46994775.08440008 18634753.351436738 46835083.67134505 16311221.344278842 17163670.11203185 30284724.545483008 18929969.06021195 14290273.093210135 14120995.580830324 19852672.57865822 3148593.15828415 8973988.23728097 13500715.392143484 3077063.477146362 10376744.955921378 12528311.604817024 14258983.254402032 12628930.538094755 6482163.911374961 7451309.163401052 14890953.281852398 4573499.760829786 16844275.59735132 899311.8798243171 10919169.465655226 6360877.613795234 8194101.9061808605 7002026.743011549 2024276.5305415571 13423199.744509611 18463101.751304876 14199196.100525264 6091917.5431446005 782723.693136767 3997175.4702167874 12545028.039225256 44908712.41682484 11401812.333221823 14482016.004321342 6060650.344766825 13349138.659298403 17917323.63291309 13200067.733710226 48848360.08881517 49692580.565711975 8000483.016515548 18201173.668161213 13740103.932956815 13577343.529538339 19088353.511405814 3027373.7216384197 41581949.87507196 12980943.852322886 35741945.38266334 42971166.43655813 12045977.178451924 13710018.73903053 12142722.327536313 6232603.482929403 7164437.073660229 47441801.21238723 37223937.26399019 16195778.476265961 1142261.305121122 13868986.993827542 8080368.794204791 10407741.460591055 8893626.766642774 2571135.5577268256 17049481.946196873 23450915.278856896 18035113.994741403 7737651.241615964 994176.7781898848 5077013.850078251 15934071.841312561 48208363.739135504 14482016.004321342 18394337.79648574 7697937.198437241 16955413.23238363 22757695.006994653 16766070.743044754 19920081.234456446 54284595.57579587 10161816.358780542 23118227.230570454 17451997.914255433 17245267.729764663 24245079.025099955 3845219.813001505 43982875.10941462 16487750.46689583 3757864.1804057113 45747389.02079426 15300202.212391252 17413785.194452632 15423083.098028902 7916343.538244108 9099912.306080054 51425767.3768726 5585387.190729978 20571073.81186394 479120.79213138827 5804100.80893613 3381133.979090343 4355587.084875004 3723031.220146588 1076007.207817581 7135121.836937656 9814089.262675278 7547603.856916239 3238167.852541526 416057.94605514605 2124704.5806109533 6668328.357721342 39187021.87303349 6060650.344766825 7697937.198437241 3221547.72662733 7095754.556675443 9523980.090139663 7016515.683928149 41281147.46672857 41729894.1198774 4252668.675405635 9674860.999569828 7303572.730781466 7217057.195683738 10146442.76794921 1609205.0152698262 37418676.28407098 6900040.05808336 34314413.189227104 38157116.41852168 6403057.128638813 7287580.90109572 6454482.156872649 3312949.673583801 3808267.2080140724 40533488.99891466 35102168.18325852 8608890.195460012 1052906.207441219 12784064.759310147 7448355.116148531 9593580.330673698 8197909.521473816 2370004.636212689 15715760.740843937 21616432.384241823 16624290.249383572 7132361.909474662 916405.8139385579 4679856.854159651 14687605.258372415 46994775.08440008 13349138.659298403 16955413.23238363 7095754.556675443 15629050.692752559 20977440.30414992 15454519.802610796 18361803.109725855 52595684.60483003 9366893.087482482 21309769.35572826 16086789.295749005 15896230.888894174 22348471.484573103 3544421.7465249263 43099831.61764781 15197971.546007741 3463899.6388401934 44726313.791278824 14103321.028479028 16051565.82306093 14216589.373194635 7297075.734146984 8388058.066298979 49960492.51422928 5148461.930485051 18961870.819870193 1413219.3660814788 17158876.799674936 9996870.540081736 12876582.375095667 11003301.543150345 3181039.7031832924 21093823.243418925 29013753.224269815 22313259.017517902 9573114.779964084 1230007.415945386 6281342.33614231 19713824.503832504 18634753.351436738 17917323.63291309 22757695.006994653 9523980.090139663 20977440.30414992 28156092.802119642 20743183.50882986 24645363.06030694 25933366.51070172 12572320.894008968 28602147.586755555 21591820.81951389 21336051.759521987 29996302.12179332 4757352.001867653 13559205.257446144 20398842.330096595 4649274.567074758 15678693.914149562 18929593.40789471 21544543.584949564 19081623.111190975 9794195.02931884 11258520.482957132 22500527.964198228 6910307.92132632 25450778.873171248 1041148.3175198749 12642406.445174063 7364093.785624723 9486448.032770574 8106362.79389503 2343538.6001795405 15540261.552487832 21375039.911987547 16438645.437536785 7052714.2394180875 906172.2350998931 4627596.5090785995 14523587.566563195 46835083.67134505 13200067.733710226 16766070.743044754 7016515.683928149 15454519.802610796 20743183.50882986 15281937.913224902 51396079.29181349 52373447.37607428 9262292.224604797 21071801.414649438 15907146.801108431 15718716.375602324 22098904.27168287 36304576.81020956 42983635.35754025 15028254.552031647 36222565.045906425 44591954.47142156 13945828.086556658 15872316.671827003 47174179.223357156 7215588.691309308 8294387.9343343545 49767682.69154651 37938291.690285884 52007248.236905314 33968703.90796814 48164564.838398695 41706501.27262269 44303763.44786495 42614863.8711981 35563582.89093973 51712206.63866461 58852602.3357687 52811617.11013632 41326511.15762638 33803524.94507668 38357672.54688804 50468036.919238225 16311221.344278842 48848360.08881517 19920081.234456446 41281147.46672857 18361803.109725855 24645363.06030694 51396079.29181349 21572379.54296755 22699784.289108954 11004702.077136487 25035800.120924648 18899577.685365263 18675699.98374683 26256120.17455057 4164166.8151796893 11868533.703434367 17855349.418273725 4069565.3504872224 13723747.344537497 16569298.354011565 18858195.359397165 16702371.762315053 8572975.450728899 9854716.944372771 19694006.302317195 6048674.749600948 22277369.587646574 34035291.3487955 48973049.15512036 42177477.55039856 44910476.52266461 43133312.53387306 35713465.84440548 52706096.009810574 60219659.44124881 53862963.31310888 41777573.34199664 33861479.8868163 38653634.03819189 51396904.124243945 17163670.11203185 49692580.565711975 54284595.57579587 41729894.1198774 52595684.60483003 25933366.51070172 52373447.37607428 22699784.289108954 23886108.889645208 33608905.04111177 26344208.394734167 19887297.817959305 19651719.933574423 27628304.195376266 4381792.386888513 12488800.98550864 18788496.623387553 4282246.908482875 14440970.859924829 17435234.61140674 19843752.789883647 17575262.63460599 9021011.940744033 10369739.157515123 20723244.45991345 6364787.518105838 23441618.165539153 631033.8401309259 7661819.657379398 4464427.914936081 5749680.070157164 4913218.565738494 1420404.890908466 9418860.655190164 12955285.324519416 9963365.816803087 4274608.405887477 549225.6345352011 2804758.886473054 8802660.562750412 30284724.545483008 8000483.016515548 10161816.358780542 4252668.675405635 9366893.087482482 12572320.894008968 9262292.224604797 11004702.077136487 33608905.04111177 5613820.5600045165 12771494.26398481 9641227.635406727 9527021.068480821 13394015.23354963 2124263.348383814 6054486.350872981 9108536.239124808 2076004.372922726 7000885.1182929175 8452483.957548711 9620117.299959922 8520368.597249778 4373325.648288605 5027179.491781404 10046488.920268442 3085605.9920638623 11364338.129041983 1435607.886548826 17430711.359578677 18403933.005478248 13080575.919886706 11177618.176307071 3231434.4077928364 32541585.44891212 29473395.24693557 22666750.392032586 9724774.091555439 1249493.4539008648 6380852.691597646 20026135.08631308 18929969.06021195 18201173.668161213 23118227.230570454 9674860.999569828 21309769.35572826 28602147.586755555 21071801.414649438 25035800.120924648 26344208.394734167 12771494.26398481 29055268.865748297 21933883.0173207 21674062.009717558 30471509.89216275 4832718.979720153 13774013.058494765 20722005.110043395 4722929.359318291 15927079.103330418 19229480.035281025 21885856.80679475 19383918.225331426 9949356.741037449 11436880.348604623 22855856.229628418 7019782.482774807 25853975.50165493 1083743.385332256 13158480.33058066 40589931.314553455 9874554.021566717 8438007.255214665 2439416.568683941 49355937.191917606 22249527.493845526 17111177.10797499 7341252.227939233 943245.2122677589 4816918.99444945 15117771.11070075 14290273.093210135 13740103.932956815 17451997.914255433 7303572.730781466 16086789.295749005 21591820.81951389 15907146.801108431 18899577.685365263 19887297.817959305 9641227.635406727 21933883.0173207 16557933.999524837 16361794.579423735 23003006.31957739 3648229.629075136 10398031.162610305 15643084.841793213 3565349.215834518 12023385.206800956 14516374.552464336 16521678.913113195 14632960.263979316 7510790.138058707 8633724.809378983 17253933.498868663 5299248.425325295 19517219.98533879 1070905.745132483 13002609.634301404 12278781.632000241 9757583.552931998 8338053.610641964 2410520.1042349082 22619253.14263273 21985967.47359833 16908484.16601122 7254290.354867068 932071.863651159 4759859.478553779 14938691.349967364 14120995.580830324 13577343.529538339 17245267.729764663 7217057.195683738 15896230.888894174 21336051.759521987 15718716.375602324 18675699.98374683 19651719.933574423 9527021.068480821 21674062.009717558 16361794.579423735 16167978.557405904 22730520.85609906 3605013.993364606 10274859.7692175 15457782.400706675 3523115.352136802 11880960.445222493 14344418.722300226 16325968.95792146 14459623.400779968 7421819.978966263 8531452.763997432 17049549.515273355 5236475.405868589 19286025.91184991 1505583.724534321 18280336.55702866 18902587.912463445 13718162.457201835 11722448.840653235 3388944.2213701764 33596496.7117336 30910017.00835543 23771595.850149658 10198788.773873832 1310397.515736506 6691874.606662447 21002269.027485754 19852672.57865822 19088353.511405814 24245079.025099955 10146442.76794921 22348471.484573103 29996302.12179332 22098904.27168287 26256120.17455057 27628304.195376266 13394015.23354963 30471509.89216275 23003006.31957739 22730520.85609906 31956782.75766178 5068280.210278231 14445399.803595748 21732057.84512613 4953139.114197172 16703412.750811327 20166782.6177633 22952639.167379063 20328748.588809468 10434318.255873103 11994348.229515593 23969919.273952495 7361947.753884414 27114175.879443277 32940529.830387883 35680790.02661069 34434174.930795066 34935530.51555683 34609518.28508772 33249246.050396036 36365599.61042991 37743926.87144953 36577821.38190609 26174840.94934696 207826.35870980402 1061317.58931456 36125434.62317075 3148593.15828415 3027373.7216384197 3845219.813001505 1609205.0152698262 3544421.7465249263 4757352.001867653 36304576.81020956 4164166.8151796893 4381792.386888513 2124263.348383814 4832718.979720153 3648229.629075136 3605013.993364606 5068280.210278231 803818.847619736 2291010.7850756077 3446659.8074134053 785557.7059058549 2649127.0079041068 3198410.3663278557 3640241.5020264694 3224097.8371855104 1654861.4772964693 1902279.0318986278 3801580.04075092 1167589.81631744 4300252.690325596 33395569.669487868 41205744.414767995 37652694.32418022 39081636.99608716 38152450.602557324 34273503.991252325 43157559.98477971 47086010.56753267 43762425.58194682 37444109.6366523 33304692.71804763 35810260.274693616 42473051.80530913 8973988.23728097 41581949.87507196 43982875.10941462 37418676.28407098 43099831.61764781 13559205.257446144 42983635.35754025 11868533.703434367 12488800.98550864 6054486.350872981 13774013.058494765 10398031.162610305 10274859.7692175 14445399.803595748 2291010.7850756077 6529742.905227048 9823525.3062967 2238963.6444316907 7550430.752047433 9115975.15541365 10375263.737741828 9189188.508086914 4716616.814247584 5421795.957146623 10835104.077839097 3327815.551537242 12256399.960339082 33749166.49309635 45499008.77179346 40153702.22817918 9328971.014057146 18950800.175009202 2304635.369937701 48435373.94321336 21020209.784990344 16165760.489846379 6935637.709991624 891129.586731245 4550777.440493502 47405580.960397184 13500715.392143484 12980943.852322886 16487750.46689583 6900040.05808336 15197971.546007741 20398842.330096595 15028254.552031647 17855349.418273725 18788496.623387553 9108536.239124808 20722005.110043395 15643084.841793213 15457782.400706675 21732057.84512613 3446659.8074134053 9823525.3062967 14778782.387619307 3368358.653653336 11359076.251961516 13714324.427550206 15608832.899932582 13824468.614416877 7095808.411962977 8156699.3622323945 16300629.389222467 5006457.491464909 18438866.111880757 32934942.423155453 35612949.438920565 34394654.921796136 34884620.719655536 34566014.82900886 33236669.2478068 36282201.53127998 37629215.97907537 36489602.052476756 34323828.554675944 32903781.902236897 33762908.32565346 36047492.60775965 3077063.477146362 35741945.38266334 3757864.1804057113 34314413.189227104 3463899.6388401934 4649274.567074758 36222565.045906425 4069565.3504872224 4282246.908482875 2076004.372922726 4722929.359318291 3565349.215834518 3523115.352136802 4953139.114197172 785557.7059058549 2238963.6444316907 3368358.653653336 767711.420471696 2588944.189533204 3125748.938779083 3557542.562908405 3150852.842148874 1617266.364861323 1859063.092033929 3715215.815694013 1141064.5324644991 4202559.629238426 33505143.386444516 42536154.93338025 38427714.66905314 40080020.56370679 39005589.66774065 34520145.5818523 44793065.88929931 49335586.86116985 45492480.22643198 38186360.11971415 33400061.128419142 36297283.05669567 44001559.74835075 10376744.955921378 42971166.43655813 45747389.02079426 38157116.41852168 44726313.791278824 15678693.914149562 44591954.47142156 13723747.344537497 14440970.859924829 7000885.1182929175 15927079.103330418 12023385.206800956 11880960.445222493 16703412.750811327 2649127.0079041068 7550430.752047433 11359076.251961516 2588944.189533204 8730666.026043374 10540926.36529957 11997058.92299975 10625583.963233814 5453888.331715358 6269296.589517543 12528778.57801451 3847998.4958297224 14172242.38581555 950120.0391721679 11536066.578440586 39616451.036582716 8657041.676800918 7397618.192983655 2138641.48761069 47301626.29145297 19506206.192468412 15001403.915491302 6436090.820747163 826945.003917183 4223002.719681976 13253780.80669089 12528311.604817024 12045977.178451924 15300202.212391252 6403057.128638813 14103321.028479028 18929593.40789471 13945828.086556658 16569298.354011565 17435234.61140674 8452483.957548711 19229480.035281025 14516374.552464336 14344418.722300226 20166782.6177633 3198410.3663278557 9115975.15541365 13714324.427550206 3125748.938779083 10540926.36529957 12726535.215895971 14484589.644166082 12828746.14727579 6584725.05278402 7569204.172419434 15126558.734928917 4645861.916757628 17110786.619764924 33808397.16867421 46218169.49757643 40572643.73977884 9852932.797002187 19403014.290600765 2434075.2466026847 49319455.65848979 22200810.15133584 17073710.645995352 7325177.895603977 941179.892000199 4806371.916874031 48231824.33889167 14258983.254402032 13710018.73903053 17413785.194452632 7287580.90109572 16051565.82306093 21544543.584949564 15872316.671827003 18858195.359397165 19843752.789883647 9620117.299959922 21885856.80679475 16521678.913113195 16325968.95792146 22952639.167379063 3640241.5020264694 10375263.737741828 15608832.899932582 3557542.562908405 11997058.92299975 14484589.644166082 16485503.21047556 14600920.080775058 7494344.587213846 8614820.492027108 17216154.458925627 5287645.244059899 19474485.275978073 33681068.6500597 44672185.61394933 39672042.80052401 41682967.85071097 40375340.72767993 34916139.1471883 47418940.19007519 52947377.29296995 48270156.55113211 31154703.914776538 833586.467411873 4256919.023992286 46455644.27049957 12628930.538094755 12142722.327536313 15423083.098028902 6454482.156872649 14216589.373194635 19081623.111190975 47174179.223357156 16702371.762315053 17575262.63460599 8520368.597249778 19383918.225331426 14632960.263979316 14459623.400779968 20328748.588809468 3224097.8371855104 9189188.508086914 13824468.614416877 3150852.842148874 10625583.963233814 12828746.14727579 14600920.080775058 12931777.967791285 6637609.115029369 7629994.90572921 15248045.033488596 4683174.340407761 17248208.895928748 33200925.473695166 38842434.19164361 36275966.25525439 4479164.065096501 14765091.919939134 1106535.749400507 40252285.43225806 10092535.196845006 7761744.9300644975 3330041.3467157083 427862.367266054 2184986.8274856517 39757845.93660867 6482163.911374961 6232603.482929403 7916343.538244108 3312949.673583801 7297075.734146984 9794195.02931884 7215588.691309308 8572975.450728899 9021011.940744033 4373325.648288605 9949356.741037449 7510790.138058707 7421819.978966263 10434318.255873103 1654861.4772964693 4716616.814247584 7095808.411962977 1617266.364861323 5453888.331715358 6584725.05278402 7494344.587213846 6637609.115029369 3406944.8821078027 3916315.59558441 7826500.18835335 2403774.698775737 8853142.148797762 33276628.442088947 39761596.45280059 36811417.11246741 5148841.760089155 20813083.13604775 1271973.3844851102 41382233.88373444 11601465.347433224 8922199.733314605 3827914.2490896853 491831.866869248 2511663.1717665074 40813870.97359348 7451309.163401052 7164437.073660229 9099912.306080054 3808267.2080140724 8388058.066298979 11258520.482957132 8294387.9343343545 9854716.944372771 10369739.157515123 5027179.491781404 11436880.348604623 8633724.809378983 8531452.763997432 11994348.229515593 1902279.0318986278 5421795.957146623 8156699.3622323945 1859063.092033929 6269296.589517543 7569204.172419434 8614820.492027108 7629994.90572921 3916315.59558441 4501842.082848333 8996636.519558076 2763161.913926365 10176771.232592326 33857762.325149864 46817546.111350656 40921805.94453994 43292916.53742151 41751074.62607333 35313862.344717994 50056283.86087142 56574943.40789631 51059965.291140825 40574994.774632186 33706966.0010951 37864570.00547082 48920447.81428551 14890953.281852398 47441801.21238723 51425767.3768726 40533488.99891466 49960492.51422928 22500527.964198228 49767682.69154651 19694006.302317195 20723244.45991345 10046488.920268442 22855856.229628418 17253933.498868663 17049549.515273355 23969919.273952495 3801580.04075092 10835104.077839097 16300629.389222467 3715215.815694013 12528778.57801451 15126558.734928917 17216154.458925627 15248045.033488596 7826500.18835335 8996636.519558076 17979188.779948346 5521998.090291393 20337610.701884035 33051833.744090214 37032208.064304456 35221433.043226 35949678.812599435 35476128.63221015 33499782.174185768 38026930.567455016 40029024.54458026 38335194.02745004 35115648.361828014 33005519.251059167 34282455.694262646 37678078.093803555 4573499.760829786 37223937.26399019 5585387.190729978 35102168.18325852 5148461.930485051 6910307.92132632 37938291.690285884 6048674.749600948 6364787.518105838 3085605.9920638623 7019782.482774807 5299248.425325295 5236475.405868589 7361947.753884414 1167589.81631744 3327815.551537242 5006457.491464909 1141064.5324644991 3847998.4958297224 4645861.916757628 5287645.244059899 4683174.340407761 2403774.698775737 2763161.913926365 5521998.090291393 1695986.5810624969 6246346.752982705 34010342.44376869 48670127.18991328 42001012.70540531 44683153.97214146 42939060.790817276 35657307.87340223 52333706.694051325 59707452.07200563 53469046.13830344 33368954.30546423 1111824.9600750753 5677813.890846809 51048877.23820897 16844275.59735132 16195778.476265961 20571073.81186394 8608890.195460012 18961870.819870193 25450778.873171248 52007248.236905314 22277369.587646574 23441618.165539153 11364338.129041983 25853975.50165493 19517219.98533879 19286025.91184991 27114175.879443277 4300252.690325596 12256399.960339082 18438866.111880757 4202559.629238426 14172242.38581555 17110786.619764924 19474485.275978073 17248208.895928748 8853142.148797762 10176771.232592326 20337610.701884035 6246346.752982705 23005398.859968822 
