0 1407658059.7793443 911716226.36496 18625835048.722187 911716226.36496 47719223916.15817 34685383359.78093 45848356531.75389 56540016510.15994 54221188771.878 57360156347.19049 57561907907.23371 57005669343.87578 56375342378.43751 57792007513.96824 57228484233.97087 58205511813.10977 58015492806.20787 58152135930.043015 58257477602.43007 57599162554.55454 57682170401.45574 57623660687.24487 57310561447.758865 57703888321.317566 58181934973.695435 58157499941.1901 58258639087.16404 1407658059.7793443 0 29470700665.683304 44327867572.28892 29470700665.683304 53015665249.887436 48601576474.98185 52197690775.19683 57011297915.327995 56375047994.63506 57477707920.872665 57657117115.88079 57183749746.02365 56925414038.57723 57953559706.56909 57466528082.084785 58232589935.803345 58060972075.17998 58169750150.14003 58267858189.80327 57676291878.92276 57730566568.39877 57683096047.97906 57426645161.1228 57741405696.84943 58191658459.26241 58171870790.78868 58268181385.989 911716226.36496 29470700665.683304 0 43866205765.863884 0 289536727.1899159 18247738330.76991 52070729167.01607 56994914696.375565 56331825268.92466 57471263413.93935 57651895101.346596 57174016799.04168 56906291853.973495 57947976087.01287 57455528312.24081 58231114784.60274 58058493381.387695 58168493211.715576 58267116426.967026 57671373709.28177 57727112524.66208 57678855746.06078 57419456538.450905 57738343508.98961 58190859265.33281 58170698835.933784 58267453742.80311 18625835048.722187 44327867572.28892 43866205765.863884 0 34207754578.6153 6471527820.785212 0 3340241064.4695683 49555355604.43315 27239455436.01818 55246228603.667366 55814140077.14673 54086409890.2952 48476667054.58149 55178892685.74861 53840767969.68861 57647709821.34964 57113789506.697044 57659749968.837265 57919438887.986465 56143254301.783394 56528359201.144455 56336902235.66991 55292378240.74362 56669997238.975136 57783193978.051994 57702966642.56615 57932601506.99839 911716226.36496 29470700665.683304 0 34207754578.6153 0 289536727.1899159 6760000447.626329 35396813998.86045 53706114845.74381 54427953365.51533 55755454812.121 56228129976.81648 54884401765.79506 55534635216.9159 57447978074.25495 56537910742.00162 57982884069.64483 57665810851.26007 57871929059.315895 58053178776.38697 56273102377.75293 56569463609.57732 56408753448.39483 55612748830.17577 56638284499.08015 57915628095.2711 57876441308.91749 58053863877.168564 47719223916.15817 53015665249.887436 289536727.1899159 6471527820.785212 289536727.1899159 0 0 11351855257.762697 50616479366.966934 50903053964.2722 55149379797.72505 55730503183.494606 53987876877.10987 54683772283.982796 57189169193.03142 56185029894.82985 57943344300.697716 57599880134.239876 57848670563.85074 58039414845.06278 55947934205.18871 56378614709.62787 56175168216.51448 55093262626.180565 56517218152.01966 57903640406.04935 57858660760.00357 58041575884.28214 34685383359.78093 48601576474.98185 18247738330.76991 0 6760000447.626329 0 0 0 39886789198.76418 40865357039.504715 52375052367.12281 53409457805.7406 50140240923.05424 51466635938.395935 56147613459.11032 54605975725.24498 57723521735.89206 57238888633.64127 57063860280.00827 57929915684.936325 53336696875.124664 55134624930.21564 54740279873.9359 52620885489.056526 55496445148.71634 57267338318.337555 56563891291.1972 57937124085.90817 45848356531.75389 52197690775.19683 52070729167.01607 3340241064.4695683 35396813998.86045 11351855257.762697 0 0 19334819050.74048 50383966533.30276 48649048891.253426 50295902751.724754 44816164582.57624 54490685223.520134 57130077471.49067 56080278669.353386 57930589518.95776 55841293239.60668 56365844811.69814 58034357439.83664 51942732464.3187 54535184488.469826 53999377206.801285 50575985902.555405 55312658414.17765 56729418366.031784 55911270568.344864 57378171721.542786 56540016510.15994 57011297915.327995 56994914696.375565 49555355604.43315 53706114845.74381 50616479366.966934 39886789198.76418 19334819050.74048 0 14572770292.137497 7793053758.442015 11658172293.2953 1808339356.3936715 42148109395.29523 52682612610.877045 50568258743.10516 56977791930.34169 44615178581.82399 52069142669.209175 57465878920.74666 28458746383.71178 41015547100.53999 38240330791.04364 21078187135.043167 48721360627.08963 54055232476.64669 51143517688.66201 55189004399.32348 54221188771.878 56375047994.63506 56331825268.92466 27239455436.01818 54427953365.51533 50903053964.2722 40865357039.504715 50383966533.30276 14572770292.137497 0 46583604569.13382 48515157848.4935 42161985469.12714 1752433361.8863258 24387211661.247707 26284889287.779736 52716061371.66452 49380471358.518074 54916478828.45853 56076471271.825676 51168042222.87325 53636266348.938034 52992996587.051895 48923870929.70394 54584584667.428474 55962062268.120964 55533828704.386765 56328871800.82088 57360156347.19049 57477707920.872665 57471263413.93935 55246228603.667366 55755454812.121 55149379797.72505 52375052367.12281 48649048891.253426 7793053758.442015 46583604569.13382 0 41267323390.38239 37349591143.456055 52473525758.13179 43211594668.571815 49788421681.25985 48813521916.45301 6192736752.939051 37292237325.235016 52283158385.93753 0 1618630560.4264336 49015538117.75279 45800316810.81078 27524086081.48722 48669118600.33676 38365355446.97874 49508652905.855804 57561907907.23371 57657117115.88079 57651895101.346596 55814140077.14673 56228129976.81648 55730503183.494606 53409457805.7406 50295902751.724754 11658172293.2953 48515157848.4935 41267323390.38239 0 15560625049.195322 53473379653.42175 56751411172.58839 55430876974.68606 51716355476.166405 51128803522.93452 43757474675.99211 54068213272.2742 47016346609.725395 9113178112.111998 329779442.6330904 0 35713714694.0338 51619999076.41485 44079840623.61809 52150681647.56329 57005669343.87578 57183749746.02365 57174016799.04168 54086409890.2952 54884401765.79506 53987876877.10987 50140240923.05424 44816164582.57624 1808339356.3936715 42161985469.12714 37349591143.456055 15560625049.195324 0 50439173793.3059 55603424889.80879 53537624949.591286 57326637940.86002 50720937447.151215 52464348521.09672 57562455924.25397 44520230821.81658 45428447632.54231 0 0 49506952510.88621 53990412285.72054 51360058613.62945 54852686246.678894 56375342378.43751 56925414038.57723 56906291853.973495 48476667054.58149 55534635216.9159 54683772283.982796 51466635938.395935 54490685223.520134 42148109395.29523 1752433361.8863258 52473525758.13179 53473379653.42175 50439173793.30591 0 21912163935.826454 0 49357509213.41092 44835561153.335106 51791149038.15648 53886677419.93568 48824782956.656525 54885441137.9768 54522133015.38946 52605759056.40291 55172698984.77801 53585717758.8017 52675177667.63521 54188740364.1284 57792007513.96824 57953559706.56909 57947976087.01287 55178892685.74861 57447978074.25495 57189169193.03142 56147613459.11032 57130077471.49067 52682612610.877045 24387211661.247707 43211594668.57182 56751411172.58839 55603424889.80879 21912163935.826454 0 0 14688093173.552279 5339730571.963366 39598602815.934875 45315315002.968704 21150435328.971836 51377148487.2091 57077783742.912 56394980748.42558 50301846551.756226 49589072486.313995 47525077673.03724 49506663915.97069 57228484233.97087 57466528082.084785 57455528312.24081 53840767969.68861 56537910742.00162 56185029894.82985 54605975725.24498 56080278669.353386 50568258743.10516 26284889287.779736 49788421681.25985 55430876974.68606 53537624949.591286 0 0 0 38594487319.33423 30600802019.914413 47285140381.61342 50639751157.68259 38305209767.84978 52579680556.17686 55852647378.8117 54669822472.95757 51384479924.49576 51092354186.09996 49684553993.74141 51698295906.41581 58205511813.10977 58232589935.803345 58231114784.60274 57647709821.34964 57982884069.64483 57943344300.697716 57723521735.89206 57930589518.95776 56977791930.34169 52716061371.66452 48813521916.45301 51716355476.166405 57326637940.86002 49357509213.41092 14688093173.552279 38594487319.33423 0 39209006607.63056 4359419945.858633 5690435864.756216 44265403789.342384 40098430862.01226 53077945441.582695 52698243081.29504 40453873636.32667 36212881440.65149 30258935854.934017 24933092321.009457 58015492806.20787 58060972075.17998 58058493381.387695 57113789506.697044 57665810851.26007 57599880134.239876 57238888633.64127 55841293239.60668 44615178581.82399 49380471358.518074 6192736752.939051 51128803522.93452 50720937447.151215 44835561153.335106 5339730571.963366 30600802019.914413 39209006607.63056 0 2371523590.7602134 50128334659.251045 0 38180110436.23782 52698715595.43036 52264186110.091354 38757402608.562065 34070146056.771458 27749726218.465702 40197103828.50456 58152135930.043015 58169750150.14003 58168493211.715576 57659749968.837265 57871929059.315895 57848670563.85074 57063860280.00827 56365844811.69814 52069142669.209175 54916478828.45853 37292237325.23501 43757474675.99211 52464348521.09672 51791149038.15648 39598602815.934875 47285140381.61342 4359419945.858633 2371523590.7602134 0 38019895106.351166 16929491271.575289 8382139352.7850685 50288292362.223465 49239701981.86509 14091218856.044636 3953643472.9647107 0 18366545009.301067 58257477602.43007 58267858189.80327 58267116426.967026 57919438887.986465 58053178776.38697 58039414845.06278 57929915684.936325 58034357439.83664 57465878920.74666 56076471271.825676 52283158385.93753 54068213272.2742 57562455924.25397 53886677419.93568 45315315002.968704 50639751157.68259 5690435864.756216 50128334659.251045 38019895106.351166 0 50830368513.009 50452631064.96528 54405512324.83649 54255674682.57426 49310813119.43495 4317939408.21805 46395501435.52279 0 57599162554.55454 57676291878.92276 57671373709.28177 56143254301.783394 56273102377.75293 55947934205.18871 53336696875.124664 51942732464.3187 28458746383.711773 51168042222.87325 0 47016346609.725395 44520230821.81658 48824782956.656525 21150435328.971836 38305209767.84978 44265403789.342384 0 16929491271.575289 50830368513.009 0 20477500092.80018 50329327041.72152 48282064681.19633 38104265187.76004 40471921075.051994 36050767007.12131 43063325323.359886 57682170401.45574 57730566568.39877 57727112524.66208 56528359201.144455 56569463609.57732 56378614709.62787 55134624930.21564 54535184488.469826 41015547100.53999 53636266348.938034 1618630560.4264336 9113178112.111998 45428447632.54231 54885441137.9768 51377148487.2091 52579680556.17686 40098430862.01226 38180110436.23782 8382139352.7850685 50452631064.96528 20477500092.80018 0 36097888851.443565 32287460782.8893 195631937.3535912 39728751614.43933 14790188157.163877 44320932063.53448 57623660687.24487 57683096047.97906 57678855746.06078 56336902235.66991 56408753448.39483 56175168216.51448 54740279873.9359 53999377206.801285 38240330791.04364 52992996587.051895 49015538117.75279 329779442.6330904 0 54522133015.38946 57077783742.912 55852647378.8117 53077945441.582695 52698715595.43036 50288292362.223465 54405512324.83649 50329327041.72152 36097888851.443565 0 0 46111363419.77416 53027944656.75169 49197981693.62032 53134289536.57201 57310561447.758865 57426645161.1228 57419456538.450905 55292378240.74362 55612748830.17577 55093262626.180565 52620885489.056526 50575985902.555405 21078187135.043167 48923870929.70394 45800316810.81078 0 0 52605759056.40291 56394980748.42558 54669822472.95757 52698243081.29504 52264186110.091354 49239701981.86509 54255674682.57426 48282064681.19633 32287460782.8893 0 0 44493328970.84156 52634832078.5584 48149377414.84687 52774159194.918396 57703888321.317566 57741405696.84943 57738343508.98961 56669997238.975136 56638284499.08015 56517218152.01966 55496445148.71634 55312658414.17765 48721360627.08963 54584584667.428474 27524086081.48722 35713714694.0338 49506952510.88621 55172698984.77801 50301846551.756226 51384479924.49576 40453873636.32667 38757402608.562065 14091218856.044636 49310813119.43495 38104265187.76004 195631937.3535912 46111363419.77416 44493328970.84156 0 40112037178.57058 0 43269991171.456894 58181934973.695435 58191658459.26241 58190859265.33281 57783193978.051994 57915628095.2711 57903640406.04935 57267338318.337555 56729418366.031784 54055232476.64669 55962062268.120964 48669118600.33676 51619999076.41485 53990412285.72054 53585717758.8017 49589072486.313995 51092354186.09996 36212881440.65149 34070146056.771465 3953643472.9647107 4317939408.21805 40471921075.052 39728751614.43933 53027944656.75169 52634832078.5584 40112037178.57058 0 29757672311.01824 0 58157499941.1901 58171870790.78868 58170698835.933784 57702966642.56615 57876441308.91749 57858660760.00357 56563891291.1972 55911270568.344864 51143517688.66201 55533828704.386765 38365355446.97874 44079840623.61809 51360058613.62945 52675177667.63521 47525077673.03724 49684553993.74141 30258935854.934017 27749726218.46571 0 46395501435.52279 36050767007.12131 14790188157.163877 49197981693.62032 48149377414.84687 0 29757672311.01824 0 37113897664.964165 58258639087.16404 58268181385.989 58267453742.80311 57932601506.99839 58053863877.168564 58041575884.28214 57937124085.90817 57378171721.542786 55189004399.32348 56328871800.82088 49508652905.855804 52150681647.56329 54852686246.678894 54188740364.1284 49506663915.97069 51698295906.41581 24933092321.009457 40197103828.50457 18366545009.301064 0 43063325323.359886 44320932063.53448 53134289536.57201 52774159194.918396 43269991171.456894 0 37113897664.964165 0 
