14814814.814815 14814814.814815 14814814.814815 5166634841.255769 14814814.814815 37397304393.82341 20744085777.814327 35043152909.66266 49021282804.55864 45676341734.95982 50007061520.821815 50225836915.54669 49641678904.73792 48825217352.293076 50436921334.08449 49859744866.55936 50918117148.46404 50710674552.49833 50859857114.91368 50971233171.66877 50272284156.52334 50356264080.97085 50297833811.51203 49973443889.39677 50377446567.51583 50884679696.43827 50866249519.93499 50972776632.736 14814814.814815 14814814.814815 15544227250.59382 33032410893.81734 15544227250.59382 45011240405.41203 39354776365.70455 44100798821.71389 49649908115.64068 48823635203.72054 50145398975.169846 50337769053.921906 49851593833.88553 49559136329.056145 50651593693.35366 50146481960.074776 50949833402.40284 50764088529.70334 50879315282.50466 50982653790.47487 50357351776.80055 50409972416.21576 50363641313.11229 50102962912.12593 50419018772.629875 50895448014.30518 50881729756.595764 50983043310.296875 14814814.814815 15544227250.59382 14814814.814815 32348332055.782887 14814814.814815 14814814.814815 4179283058.0287223 43921973634.36989 49630124803.8535 48763358825.17492 50138010172.57966 50331786585.457 49840437815.90248 49536041910.316536 50644868096.24825 50133967119.13306 50948149420.10345 50761253978.54584 50877863429.001564 50981799583.42336 50351807242.43132 50405966402.1335 50358734635.806725 50094839837.70203 50415367349.19811 50894492853.88071 50880378388.90475 50982207936.64988 5166634841.255769 33032410893.81734 32348332055.782887 14814814.814815 20813363407.842777 14814814.814815 14814814.814815 14814814.814815 39677516117.354126 12563533806.07339 47542074784.720856 48191238602.83792 46217856836.79095 38249338929.817215 46916443600.80609 45682499985.5213 50272728669.3268 49662050345.61241 50328366515.899574 50605547652.83662 48681876437.01364 49111366896.50187 48908500578.959404 47745993153.86825 49277580527.18971 50454920316.62305 50384827182.56022 50624761706.27302 14814814.814815 15544227250.59382 14814814.814815 20813363407.842777 14814814.814815 14814814.814815 14814814.814815 22418348009.18195 45873935461.97066 46565608108.83585 48293544262.830475 48801598808.32021 47393034647.469124 48059891834.84388 50102743598.78917 49156581780.159874 50678862275.45879 50335009115.879005 50554154367.37571 50745760399.15238 48864809099.800766 49167885550.05191 49003705661.262634 48181590976.25457 49233627549.53172 50587981881.71134 50559318751.639015 50746591669.14599 37397304393.82341 45011240405.41203 14814814.814815 14814814.814815 14814814.814815 14814814.814815 14814814.814815 140252739.5766269 41346450018.44582 41422147150.88877 47507277244.98403 48157044453.96273 46224795583.285484 46903097825.8934 49752886448.7191 48726596389.10379 50632476529.25895 50257421488.10447 50529325135.99323 50731135129.796814 48491249802.186066 48951182990.31196 48739020383.80229 47566855693.41498 49105035340.17731 50575535369.51338 50541243811.60011 50734011166.44349 20744085777.814327 39354776365.70455 4179283058.0287223 14814814.814815 14814814.814815 14814814.814815 14814814.814815 14814814.814815 27323728509.670727 28017093868.193398 44105748455.44766 45314474043.7149 41478610009.909485 42791765896.40633 48426933662.42233 46899443883.427 50392090088.229706 49860568119.16927 49684497849.36517 50621422772.488525 45600087654.958664 47585019218.09003 47159146574.31677 44741682285.94181 48019248257.62303 49883912076.132095 49158612489.97231 50631178471.20408 35043152909.66266 44100798821.71389 43921973634.36989 14814814.814815 22418348009.18195 140252739.5766269 14814814.814815 14814814.814815 5674706090.081099 40741998402.48467 38505337301.01962 40611356374.821976 33613865043.863846 46683571562.792404 49688462962.34888 48619649234.8718 50623271554.25993 48286325847.045425 48898424625.91535 50730725290.9769 43508066750.606544 46691852076.315506 46062360588.84242 41653725116.8249 47770304797.359535 49286431100.72729 48437296408.39968 50004564932.07645 49021282804.55864 49649908115.64068 49630124803.8535 39677516117.354126 45873935461.97066 41346450018.44582 27323728509.670727 5674706090.081099 14814814.814815 2357580552.7130632 14814814.814815 657100037.1472447 14814814.814815 30387531889.5191 43687690205.50703 41791638602.73653 49510072987.52265 33956654801.116493 43818901914.23681 50109997041.91005 14100114852.35344 28926422315.602825 25620383061.633083 6937462328.462512 39903748292.21386 46357490377.327034 43016861161.34486 47628822533.424736 45676341734.95982 48823635203.72054 48763358825.17492 12563533806.07339 46565608108.83585 41422147150.88877 28017093868.193398 40741998402.48467 2357580552.7130632 14814814.814815 35922497356.24661 38364668477.04498 30367058303.054638 14814814.814815 9912975595.790844 11966908865.415812 43739354927.163025 39438521292.71347 47151130757.12542 48485450731.59328 42489342712.33154 45667646640.76932 44913003546.6128 39681195824.10563 46984353847.55812 48474025979.9442 48048958541.39135 48877899262.71321 50007061520.821815 50145398975.169846 50138010172.57966 47542074784.720856 48293544262.830475 47507277244.98403 44105748455.44766 38505337301.01962 14814814.814815 35922497356.24661 14814814.814815 29230648660.68692 24566039226.935368 44365052292.23141 32206373355.70085 41542015802.37235 40085469265.32141 14814814.814815 24352707507.4285 44497524080.46512 14814814.814815 14814814.814815 40281821679.50373 36073073925.43368 13345073826.429258 39866992073.528 26242394196.09234 41274664968.12767 50225836915.54669 50337769053.921906 50331786585.457 48191238602.83792 48801598808.32021 48157044453.96273 45314474043.7149 40611356374.821976 657100037.1472447 38364668477.044975 29230648660.68692 14814814.814815 2672528698.7115664 45509024416.51908 49248829538.51699 47897047182.89167 43414404753.58906 42731233284.59405 32265573855.503487 46368631070.79113 37657585220.66482 14814814.814815 14814814.814815 14814814.814815 22443471459.496983 43265482456.47419 33266773743.424603 44156550328.67413 49641678904.737915 49851593833.88553 49840437815.90248 46217856836.79095 47393034647.469124 46224795583.285484 41478610009.909485 33613865043.863846 14814814.814815 30367058303.054638 24566039226.935368 2672528698.7115664 14814814.814815 42026694813.3054 47938119773.3799 45853357585.13112 49972985669.89452 42578901459.61696 44566535334.71166 50222574245.31104 34742154410.90746 35465887451.21248 14814814.814815 14814814.814815 41316326763.79124 46340027788.538994 43508528438.3004 47284087290.68854 48825217352.293076 49559136329.056145 49536041910.316536 38249338929.817215 48059891834.84388 46903097825.8934 42791765896.40633 46683571562.792404 30387531889.5191 14814814.814815 44365052292.23141 45509024416.51908 42026694813.30539 14814814.814815 7789561025.323119 14814814.814815 40259092033.04994 34847053964.281166 43921307502.27653 46208930127.5637 40385283890.665825 47341166900.318 46953215388.800964 44808342324.98687 47680104673.23575 45990027435.483284 45106267005.075386 46660532119.47184 50436921334.08449 50651593693.35366 50644868096.24825 46916443600.80609 50102743598.78917 49752886448.7191 48426933662.42233 49688462962.34888 43687690205.50703 9912975595.790844 32206373355.70085 49248829538.51699 47938119773.3799 7789561025.323119 14814814.814815 14814814.814815 2449251738.165107 14814814.814815 27244360965.20323 34410361509.67915 6674683174.096412 43058895451.514496 49695155030.990005 48935644009.072205 42119679772.69618 41031432964.38182 38593164658.29338 40673730881.88054 49859744866.55936 50146481960.074776 50133967119.13306 45682499985.5213 49156581780.159874 48726596389.10379 46899443883.427 48619649234.8718 41791638602.73653 11966908865.415812 41542015802.37235 47897047182.89167 45853357585.13112 14814814.814815 14814814.814815 14814814.814815 25925866516.547558 16753163876.176105 38300824954.60214 42215866098.17733 26666436042.575684 44835209240.291115 48412496774.11844 47160458851.818054 43682982450.003265 43263816271.52392 41821696355.47175 43875179287.98089 50918117148.46404 50949833402.40284 50948149420.10345 50272728669.3268 50678862275.45879 50632476529.25895 50392090088.229706 50623271554.25993 49510072987.52265 43739354927.163025 40085469265.32141 43414404753.58906 49972985669.89452 40259092033.04994 2449251738.165107 25925866516.54755 14814814.814815 26771253754.04266 14814814.814815 14814814.814815 33992390060.748302 27838510014.313034 45292735993.556015 44878302101.3973 28830641891.018658 23211531915.175797 16283065413.623894 10790543014.524944 50710674552.49833 50764088529.70334 50761253978.54584 49662050345.61241 50335009115.879005 50257421488.10447 49860568119.16927 48286325847.045425 33956654801.116493 39438521292.71347 14814814.814815 42731233284.59405 42578901459.61696 34847053964.281166 14814814.814815 16753163876.176105 26771253754.04266 14814814.814815 14814814.814815 41713131787.077896 14814814.814815 25400673874.863518 44912434804.968315 44435711077.849144 26646293948.57997 20578725299.40499 13473913647.781357 29010765839.708954 50859857114.91368 50879315282.50466 50877863429.001564 50328366515.899574 50554154367.37571 50529325135.99323 49684497849.36517 48898424625.91535 43818901914.23681 47151130757.12542 24352707507.4285 32265573855.503487 44566535334.71166 43921307502.27653 27244360965.20324 38300824954.60214 14814814.814815 14814814.814815 14814814.814815 25525075419.451263 3328432538.320192 14814814.814815 41705378424.96262 40373969394.67666 1443185189.5183485 14814814.814815 14814814.814815 4492338641.137969 50971233171.66877 50982653790.47487 50981799583.42336 50605547652.83662 50745760399.15238 50731135129.796814 50621422772.488525 50730725290.9769 50109997041.91005 48485450731.59328 44497524080.46512 46368631070.79113 50222574245.31104 46208930127.5637 34410361509.67915 42215866098.17733 14814814.814815 41713131787.077896 25525075419.451263 14814814.814815 42858641116.52308 42027874482.88865 46764566903.759285 46619348022.74715 41041086793.737755 14814814.814815 37355986710.71158 14814814.814815 50272284156.52334 50357351776.80055 50351807242.43132 48681876437.01364 48864809099.800766 48491249802.186066 45600087654.958664 43508066750.606544 14100114852.35344 42489342712.33154 14814814.814815 37657585220.66482 34742154410.90746 40385283890.66583 6674683174.096412 26666436042.575684 33992390060.748302 14814814.814815 3328432538.320192 42858641116.52308 14814814.814815 6457298409.637327 42329096346.73698 39935542541.0507 26922232295.479008 29323975393.028027 23837114552.64435 33613575636.69304 50356264080.97085 50409972416.21576 50405966402.1335 49111366896.50187 49167885550.05191 48951182990.31196 47585019218.09003 46691852076.315506 28926422315.602825 45667646640.76932 14814814.814815 14814814.814815 35465887451.21248 47341166900.318 43058895451.514496 44835209240.291115 27838510014.313034 25400673874.863518 14814814.814815 42027874482.88865 6457298409.637327 14814814.814815 23063632264.23236 18467321674.736816 14814814.814815 27281278978.847073 1894134292.4026036 33976687468.040573 50297833811.51203 50363641313.11229 50358734635.806725 48908500578.959404 49003705661.262634 48739020383.80229 47159146574.31678 46062360588.84243 25620383061.633083 44913003546.6128 40281821679.50373 14814814.814815 14814814.814815 46953215388.800964 49695155030.990005 48412496774.11844 45292735993.556015 44912434804.968315 41705378424.96262 46764566903.759285 42329096346.73698 23063632264.23236 14814814.814815 14814814.814815 36804321223.90645 45215942266.96675 40787251176.89866 45395929215.70656 49973443889.39677 50102962912.12593 50094839837.70203 47745993153.86825 48181590976.25457 47566855693.41498 44741682285.94181 41653725116.8249 6937462328.462512 39681195824.10563 36073073925.43368 14814814.814815 14814814.814815 44808342324.98687 48935644009.072205 47160458851.818054 44878302101.3973 44435711077.849144 40373969394.67666 46619348022.74715 39935542541.0507 18467321674.736816 14814814.814815 14814814.814815 34746500393.85886 44785458069.77897 39529281361.8225 45023423383.46824 50377446567.51583 50419018772.629875 50415367349.19811 49277580527.18971 49233627549.53172 49105035340.17731 48019248257.62303 47770304797.359535 39903748292.21386 46984353847.55812 13345073826.429258 22443471459.496983 41316326763.79124 47680104673.23575 42119679772.69618 43682982450.003265 28830641891.018658 26646293948.57997 1443185189.5183485 41041086793.737755 26922232295.479008 14814814.814815 36804321223.90645 34746500393.85886 14814814.814815 28319047619.34973 14814814.814815 33420840498.810688 50884679696.43827 50895448014.30518 50894492853.88071 50454920316.62305 50587981881.71134 50575535369.51338 49883912076.132095 49286431100.72729 46357490377.327034 48474025979.9442 39866992073.52799 43265482456.47419 46340027788.538994 45990027435.483284 41031432964.38182 43263816271.52392 23211531915.175797 20578725299.40499 14814814.814815 14814814.814815 29323975393.028027 27281278978.847073 45215942266.96675 44785458069.77897 28319047619.34973 14814814.814815 15622355835.072876 14814814.814815 50866249519.93499 50881729756.595764 50880378388.90475 50384827182.56022 50559318751.639015 50541243811.60011 49158612489.97231 48437296408.39968 43016861161.34486 48048958541.39135 26242394196.09233 33266773743.424603 43508528438.3004 45106267005.075386 38593164658.29338 41821696355.47175 16283065413.623894 13473913647.781357 14814814.814815 37355986710.71158 23837114552.64435 1894134292.4026039 40787251176.89866 39529281361.8225 14814814.814815 15622355835.072876 14814814.814815 25178951165.838245 50972776632.736 50983043310.296875 50982207936.64988 50624761706.27302 50746591669.14599 50734011166.44349 50631178471.20408 50004564932.07645 47628822533.424736 48877899262.71321 41274664968.12767 44156550328.67413 47284087290.68854 46660532119.47184 40673730881.88054 43875179287.98089 10790543014.524944 29010765839.708954 4492338641.137969 14814814.814815 33613575636.69304 33976687468.040573 45395929215.70656 45023423383.46824 33420840498.810688 14814814.814815 25178951165.838245 14814814.814815 
