14814814.814815 6626415353.410872 5925882930.2813425 25625465165.574627 5925882930.2813425 50357544813.75856 39027098569.85897 48719527934.36428 58302452759.17404 56341614776.916824 59082889456.81501 59297093129.02679 58730434051.28213 58144626728.220215 59566660450.9281 58973211781.253586 59975530416.909546 59771931750.54639 59912798210.416435 60023733607.3569 59330462551.55186 59411034070.84672 59353293836.72561 59036912846.62003 59429872735.998314 59936679988.379166 59918331531.593636 60024842304.76929 6626415353.410872 14814814.814815 34116733639.55104 47386128264.58115 34116733639.55104 54789346411.52033 50709049000.79889 54038374366.72403 58739693053.36537 58151619117.91377 59201201408.865364 59392816036.05486 58909534789.470375 58655325856.36293 59716239414.109825 59208512423.40366 60002599175.668304 59817487319.37496 59931346898.6693 60034612549.29703 59410250178.12161 59462306272.848816 59416088896.41795 59156736363.87011 59470965863.76376 59947324461.41998 59933619765.6336 60034930526.971115 5925882930.2813425 34116733639.55104 14814814.814815 47003386418.451004 14814814.814815 4931722601.37912 24279275756.55224 53920031769.40694 58722616070.74994 58110820719.85213 59194095974.94771 59387062809.33418 58898815116.03449 58635392099.1798 59710429519.63862 59196726729.158295 60000980817.298134 59814763844.25276 59929907988.03253 60033766035.78257 59404780960.417595 59458334942.68678 59411225059.91731 59148751412.05218 59467321310.646935 59946371076.28723 59932271152.58544 60034097703.49775 25625465165.574627 47386128264.58115 47003386418.451004 14814814.814815 38254128981.194954 12996802349.348412 14814814.814815 9221745106.3588 52059660911.605675 33648744232.960094 56983146272.33931 57560625436.163925 55858426276.72263 51096521942.83721 57222666666.95709 55706545862.505516 59417889826.70596 58870535195.10893 59398442451.37857 59668294988.24652 57837432376.395325 58211388764.805374 58019790857.95798 56986216588.72484 58338897489.638565 59509250341.298096 59440516091.68798 59680194761.1744 5925882930.2813425 34116733639.55104 14814814.814815 38254128981.194954 14814814.814815 4931722601.37912 12784408989.923515 38608207210.798805 55396912085.36004 56195133111.15792 57396278503.54814 57894850387.510376 56522396920.94429 57205706693.068436 59182202314.44055 58230219897.75993 59732696789.39464 59390207180.62422 59606395960.70844 59797844391.54418 57929046189.344 58226029731.93378 58063314291.6761 57258202999.45328 58286726715.45825 59639887094.70073 59611253368.42141 59798520337.632164 50357544813.75856 54789346411.52033 4931722601.37912 12996802349.348412 4931722601.37912 14814814.814815 14814814.814815 17485677257.04186 52688291048.65179 53276496660.29462 56821160151.829506 57422666795.49433 55673081776.12273 56438814942.29559 58948852275.25385 57891467969.81293 59694690639.32123 59326743941.49116 59583205072.561356 59784196573.62601 57606988982.68494 58035607576.10153 57831017948.25286 56745972294.26408 58163325547.65446 59627663754.376564 59593524314.68815 59786261847.51121 39027098569.85897 50709049000.79889 24279275756.55224 14814814.814815 12784408989.923515 14814814.814815 14814814.814815 1742473463.156746 43398469825.93822 44576327269.56842 54164004900.79381 55196478013.60837 52012849425.112526 53427109087.3382 57974865149.51277 56336365805.271324 59480262242.75415 58973491799.19033 58746638923.00965 59677526744.985916 54969643288.05211 56765772300.73871 56369362128.64376 54283483880.462685 57096555372.8823 58937172734.83774 58217808359.94676 59684433539.741005 48719527934.36428 54038374366.72403 53920031769.40694 9221745106.3588 38608207210.798805 17485677257.04186 1742473463.156746 14814814.814815 26233671428.449417 52815314937.89004 51152310636.26832 52681517040.43709 47708501197.45321 56261534381.12995 58897450890.61854 57794641702.76185 59686433445.11374 57539087607.28216 58002136103.38473 59783897707.66637 53757549766.37883 56239716529.56386 55722009880.48396 52522826664.61004 56920616652.65111 58345377415.22894 57528328067.82756 59058237616.60014 58302452759.17404 58739693053.36537 58722616070.74994 52059660911.605675 55396912085.36004 52688291048.65179 43398469825.93822 26233671428.449417 14814814.814815 21564982870.0064 14415824783.201582 18582765410.787663 7131094079.19391 45284062462.56245 54904979206.62682 52491694845.785194 58729915394.394585 46867899571.24806 53697479899.67216 59181557496.70892 33025399425.88317 44128514391.29916 41681648283.47708 26496483444.437492 50438774720.59432 55526247146.5284 52683457119.998764 56718235037.855156 56341614776.916824 58151619117.91377 58110820719.85213 33648744232.960094 56195133111.15792 53276496660.29462 44576327269.56842 52815314937.89004 21564982870.0064 14814814.814815 49246557974.50883 51035666838.45228 45281996334.03114 7060151843.57887 31031800615.333702 31213094234.28169 54941549675.01381 51861657434.74497 56642771708.54466 57805557160.906006 53035848538.230896 55328689737.53652 54709456079.36169 50920623031.33883 56157631852.10523 57586632344.14064 57194219617.9964 58018119446.229324 59082889456.81501 59201201408.865364 59194095974.94771 56983146272.33931 57396278503.54814 56821160151.829506 54164004900.79381 51152310636.26832 14415824783.201582 49246557974.50883 14814814.814815 44329823049.353935 40882288503.966515 54200394354.69059 45564869660.44016 51447459939.75991 50444892069.11545 11849797586.058504 40638722862.853584 53714701984.33528 845123046.2568698 6831574949.2836485 50719989183.04722 47806020386.094536 31930812739.46652 50280828549.17841 40930508840.71885 50942585597.51774 59297093129.02679 59392816036.05486 59387062809.33418 57560625436.163925 57894850387.510376 57422666795.49433 55196478013.60837 52681517040.43709 18582765410.787663 51035666838.45227 44329823049.353935 14814814.814815 21294360826.1902 55206520692.25322 58496293867.91201 57101377227.44953 53282297330.87907 52745212285.891136 46465729273.09164 55520634150.38461 48901354846.91949 15762676921.864536 4904438463.227394 2070890424.821706 39247587016.77741 53168640234.08168 46232920152.78574 53589853370.73441 58730434051.28212 58909534789.470375 58898815116.03449 55858426276.72263 56522396920.94429 55673081776.12273 52012849425.112526 47708501197.45321 7131094079.19391 45281996334.03114 40882288503.966515 21294360826.1902 14814814.814815 52238735956.02874 57357216365.29835 55187108122.90465 59051802793.39726 52358653727.47814 53971916492.66691 59277584794.87177 46581527606.82615 47465036352.21185 14814814.814815 14814814.814815 51009765862.213974 55441553334.34225 52823899165.734604 56353151962.384674 58144626728.220215 58655325856.36293 58635392099.1798 51096521942.83721 57205706693.068436 56438814942.29559 53427109087.3382 56261534381.12995 45284062462.56245 7060151843.57887 54200394354.69059 55206520692.25322 52238735956.02873 14814814.814815 27178316185.355732 14814814.814815 51356927065.35933 46994113773.871796 53398467058.98742 55525352585.776505 50506052830.63223 56492573286.48419 56127453562.45499 54240598307.07332 56751586659.40597 55101967835.242226 54249657239.20579 55800077264.13384 59566660450.9281 59716239414.109825 59710429519.63862 57222666666.95709 59182202314.44055 58948852275.25385 57974865149.51277 58897450890.61854 54904979206.62682 31031800615.333702 45564869660.44016 58496293867.91201 57357216365.29835 27178316185.355732 14814814.814815 3304192370.1313014 21706929797.985188 11641024689.438452 42880630961.50812 48100997302.01046 26522487572.037254 53020429838.48068 58783463682.21165 58103904848.96273 51882398630.48694 51255999423.308426 49375004956.76533 51417514578.27715 58973211781.253586 59208512423.40366 59196726729.158295 55706545862.505516 58230219897.75993 57891467969.81293 56336365805.271324 57794641702.76185 52491694845.785194 31213094234.28169 51447459939.75991 57101377227.44953 55187108122.90465 14814814.814815 3304192370.1313014 14814814.814815 42131463358.70096 34874175295.23112 49152057798.72885 52428536332.16417 40899529568.48464 54092442824.155205 57492939703.836655 56302752624.512886 52896097078.400406 52582804143.04043 51275436133.425385 53317878757.23252 59975530416.909546 60002599175.668304 60000980817.298134 59417889826.70596 59732696789.39464 59694690639.32123 59480262242.75415 59686433445.11374 58729915394.394585 54941549675.01381 50444892069.11545 53282297330.87907 59051802793.39726 51356927065.35933 21706929797.985188 42131463358.70095 14814814.814815 42493712047.82994 10393360124.537798 12044701251.60064 46389529235.5093 43134439615.58896 54500785308.45707 54138583473.59942 42886829648.87174 39654821992.03369 34443044904.93257 29997427850.68721 59771931750.54639 59817487319.37496 59814763844.25276 58870535195.10893 59390207180.62422 59326743941.49116 58973491799.19033 57539087607.28216 46867899571.24806 51861657434.74497 11849797586.058504 52745212285.891136 52358653727.47814 46994113773.871796 11641024689.438452 34874175295.23112 42493712047.82994 14814814.814815 7881706795.559218 51815594072.95198 14814814.814815 41456994067.18941 54149535039.49554 53734463870.902145 41354520213.97662 37788050849.20323 32223528303.307667 42492298875.047585 59912798210.416435 59931346898.6693 59929907988.03253 59398442451.37857 59606395960.70844 59583205072.561356 58746638923.00965 58002136103.38473 53697479899.67216 56642771708.54466 40638722862.853584 46465729273.09164 53971916492.66691 53398467058.98742 42880630961.50812 49152057798.72885 10393360124.537798 7881706795.559218 14814814.814815 41377748054.13898 22510306470.880436 14940885321.85639 51890172531.892746 50910674957.614845 19933520901.391945 9875109778.114721 4076450747.8513722 23748216873.82171 60023733607.3569 60034612549.29703 60033766035.78257 59668294988.24652 59797844391.54418 59784196573.62601 59677526744.985916 59783897707.66637 59181557496.70892 57805557160.906006 53714701984.33528 55520634150.38461 59277584794.87177 55525352585.776505 48100997302.01046 52428536332.16417 12044701251.60064 51815594072.95198 41377748054.13898 14814814.814815 52374106897.6214 52044358690.15829 55835185838.234764 55696383634.059326 50844772209.04841 9755975772.644407 48230283809.83893 341506203.6678596 59330462551.55186 59410250178.12161 59404780960.417595 57837432376.395325 57929046189.344 57606988982.68494 54969643288.05211 53757549766.37883 33025399425.88317 53035848538.230896 845123046.2568698 48901354846.91949 46581527606.82615 50506052830.63224 26522487572.037254 40899529568.48464 46389529235.5093 14814814.814815 22510306470.880436 52374106897.6214 14814814.814815 25694120547.57258 51823681202.68622 49874297723.43447 40446198081.773315 42755730161.68438 38746936998.963394 44781360130.05268 59411034070.84672 59462306272.848816 59458334942.68678 58211388764.805374 58226029731.93378 58035607576.10153 56765772300.73871 56239716529.56386 44128514391.29916 55328689737.53652 6831574949.2836485 15762676921.864536 47465036352.21185 56492573286.48419 53020429838.48068 54092442824.155205 43134439615.58896 41456994067.18941 14940885321.85639 52044358690.15829 25694120547.57258 14814814.814815 39616942306.668816 36247755270.99446 4682448155.755746 42773875143.9265 20576655343.69246 46281495990.97105 59353293836.72561 59416088896.41795 59411225059.91731 58019790857.95798 58063314291.6761 57831017948.25286 56369362128.64377 55722009880.48397 41681648283.47708 54709456079.36169 50719989183.04722 4904438463.227394 14814814.814815 56127453562.45499 58783463682.21165 57492939703.836655 54500785308.45707 54149535039.49554 51890172531.892746 55835185838.234764 51823681202.68622 39616942306.668816 14814814.814815 14814814.814815 47839180186.767525 54431015463.05517 50677312193.28132 54520495543.50915 59036912846.62003 59156736363.87011 59148751412.05218 56986216588.72484 57258202999.45328 56745972294.26408 54283483880.462685 52522826664.61004 26496483444.437492 50920623031.33883 47806020386.094536 2070890424.821706 14814814.814815 54240598307.07332 58103904848.96273 56302752624.512886 54138583473.59942 53734463870.902145 50910674957.614845 55696383634.059326 49874297723.43447 36247755270.99446 14814814.814815 14814814.814815 46350251071.79539 54055054439.642204 49680415014.59815 54172431344.46994 59429872735.998314 59470965863.76376 59467321310.646935 58338897489.638565 58286726715.45825 58163325547.65446 57096555372.8823 56920616652.65111 50438774720.59432 56157631852.10523 31930812739.46652 39247587016.77741 51009765862.213974 56751586659.40597 51882398630.48694 52896097078.400406 42886829648.87174 41354520213.97662 19933520901.391945 50844772209.04841 40446198081.773315 4682448155.755746 47839180186.767525 46350251071.79539 14814814.814815 42541753348.188614 14814814.814815 45015158043.14597 59936679988.379166 59947324461.41998 59946371076.28723 59509250341.298096 59639887094.70073 59627663754.376564 58937172734.83774 58345377415.22894 55526247146.5284 57586632344.14064 50280828549.178406 53168640234.08168 55441553334.34225 55101967835.242226 51255999423.308426 52582804143.04043 39654821992.03369 37788050849.20323 9875109778.114721 9755975772.644407 42755730161.68438 42773875143.9265 54431015463.05517 54055054439.642204 42541753348.188614 14814814.814815 33962726277.498672 14814814.814815 59918331531.593636 59933619765.6336 59932271152.58544 59440516091.68798 59611253368.42141 59593524314.68815 58217808359.94676 57528328067.82756 52683457119.998764 57194219617.9964 40930508840.71884 46232920152.78574 52823899165.734604 54249657239.20579 49375004956.76533 51275436133.425385 34443044904.93257 32223528303.307667 4076450747.8513722 48230283809.83893 38746936998.963394 20576655343.69246 50677312193.28132 49680415014.59815 14814814.814815 33962726277.498672 14814814.814815 39660844390.58543 60024842304.76929 60034930526.971115 60034097703.49775 59680194761.1744 59798520337.632164 59786261847.51121 59684433539.741005 59058237616.60014 56718235037.855156 58018119446.229324 50942585597.51774 53589853370.73441 56353151962.384674 55800077264.13384 51417514578.27715 53317878757.23252 29997427850.68721 42492298875.047585 23748216873.82171 341506203.6678596 44781360130.05268 46281495990.97105 54520495543.50915 54172431344.46994 45015158043.14597 14814814.814815 39660844390.58543 14814814.814815 
