14814814.814815 1708547204.5676894 1248768910.0703979 18212396933.055416 1248768910.0703979 46690910332.96038 33631828132.850456 44839609290.70892 55659691068.774864 53319642507.13438 56491233298.230034 56706447210.67032 56135890632.56053 55492548744.48786 56961070140.00302 56373087523.04653 57388006204.47292 57183548024.42993 57326330127.78072 57437352702.95018 56742953291.37654 56824192286.79311 56766298568.56863 56448292323.049255 56843523879.33685 57350409131.86258 57332046092.03703 57438557502.39809 1708547204.5676894 14814814.814815 28482894585.007336 43305678863.69142 28482894585.007336 52023714089.14081 47551537091.56191 51232611821.683975 56144839002.7539 55497184365.39806 56614138031.45517 56805905980.780266 56322032618.82818 56059038670.54167 57127064239.06429 56620161787.18534 57416162080.90339 57230920116.89995 57345069524.07569 57448348365.944626 56823815088.50227 56875972317.10703 56829731691.86835 56570132750.4111 56884706512.071815 57361076919.23882 57347370016.44619 57448680875.66922 1248768910.0703979 28482894585.007336 14814814.814815 42837135584.47454 14814814.814815 665990724.3781484 17312175547.626205 51100054395.07195 56127185255.72101 55451852954.6417 56606977492.65557 56800107936.65463 56311228436.31837 56038432694.5007 57121057345.363 56608234664.35402 57414530686.458374 57228174855.10441 57343628324.81795 57447500451.99235 56818332974.811134 56871994892.44788 56824860198.79863 56562123585.197136 56881060883.99507 57360123254.09272 57346020974.703224 57447847630.13399 18212396933.055416 43305678863.69142 42837135584.47454 14814814.814815 33124462504.24528 6465491511.848316 14814814.814815 3507863644.8935046 48560944060.32275 26644526626.651894 54301744637.98667 54896456775.87564 53128400074.29724 47465950105.4465 54298117733.14069 52881680232.195854 56808485641.68828 56245826201.77362 56808133650.02358 57079556419.665245 55228684499.45659 55614449777.144806 55420140430.91407 54358143477.43031 55750765750.9545 56922509311.94141 56853511574.527115 57093199941.42782 1248768910.0703979 28482894585.007336 14814814.814815 33124462504.24528 14814814.814815 665990724.3781484 6342187417.396237 34119493499.94473 52708149956.14982 53466876634.44524 54799982109.52328 55300387922.38632 53920885959.891785 54598336433.79034 56589688927.45 55639505082.04852 57146037191.82184 56803269925.31079 57020079610.16406 57211556291.63514 55340637350.76358 55638664219.3399 55475663715.901306 54667549662.93837 55700285291.58623 57053634783.43988 57024996320.9664 57212263480.685425 46690910332.96038 52023714089.14081 665990724.3781484 6465491511.848316 665990724.3781484 14814814.814815 14814814.814815 10669957860.473888 49547218488.22983 49924795214.91245 54178055010.28511 54789840875.59268 53000949300.160385 53733482867.27164 56326897583.75806 55279814130.79792 57106068792.67951 56736537376.68532 56996544774.26886 57197697631.92605 55008442217.44718 55442972897.0422 55236765395.6441 54134761523.82367 55575953230.92223 57041369379.38427 57007202892.744774 57199941493.53506 33631828132.850456 47551537091.56191 17312175547.626205 14814814.814815 6342187417.396237 14814814.814815 14814814.814815 14814814.814815 38773334391.83398 39818358688.71488 51331428547.81545 52406626454.082504 49062466860.3678 50452222739.88219 55267219760.338264 53664657378.60015 56885818955.11808 56373618702.15679 56158335794.89435 57090400601.65202 52314309241.74437 54151071439.14412 53747584514.53675 51588646456.29594 54505268269.96947 56350676768.60047 55630290596.819855 57097924250.83706 44839609290.70892 51232611821.683975 51100054395.07195 3507863644.8935046 34119493499.94473 10669957860.473888 14814814.814815 14814814.814815 18856236024.219696 49403252578.59852 47585849209.918976 49275233407.54099 43720923745.94048 53546016380.11089 56272348748.51116 55180770768.30593 57097599949.86058 54911599185.37248 55404596208.09638 57197375985.07392 50885185969.427795 53533912218.18613 52986836227.90171 49492202257.672844 54313042026.68641 55757745298.1252 54934628065.74837 56471677211.99444 55659691068.774864 56144839002.7539 56127185255.72101 48560944060.32275 52708149956.14982 49547218488.22983 38773334391.83398 18856236024.219696 14814814.814815 14225938647.828573 7674264175.299131 11396048835.354525 2040767657.985874 41040071687.46079 51732809936.30148 49499619908.67269 56102238194.16274 43378249683.30084 50914152359.86787 56590833828.89321 27300610619.260944 39808123215.54618 37048069038.51861 20045126896.879936 47497314879.734146 52915053064.35588 49968566168.11604 54124897681.02498 53319642507.13438 55497184365.39806 55451852954.6417 26644526626.651894 53466876634.44524 49924795214.91245 39818358688.71488 49403252578.59852 14225938647.828573 14814814.814815 45484013401.885574 47458589459.44776 41040628874.08139 1999715212.2945364 23836607632.079838 25207878968.501804 51772213064.87115 48356783654.915565 53950555232.8656 55153182764.13833 50096226528.501175 52595465099.9823 51940515766.79093 47796648568.67764 53545083607.467026 54987214792.304 54587945942.08083 55411887863.3289 56491233298.230034 56614138031.45517 56606977492.65557 54301744637.98667 54799982109.52328 54178055010.28511 51331428547.81545 47585849209.918976 7674264175.299131 45484013401.885574 14814814.814815 40042585124.886215 36183330892.42157 51423129848.09256 41963999790.850296 48685974226.61715 47546662456.12003 5692171215.966176 35974963652.75695 51092670132.078705 14814814.814815 1843436929.2697248 47795937165.4144 44560005679.5987 26297870684.27866 47372349650.420204 36942484211.01883 48228199342.271255 56706447210.67032 56805905980.780266 56800107936.65463 54896456775.87564 55300387922.38632 54789840875.59268 52406626454.082504 49275233407.54099 11396048835.354525 47458589459.447754 40042585124.886215 14814814.814815 14634972361.523964 52462479345.14013 55862014838.799446 54481164155.116486 50501766900.156784 49932020194.0734 42463379962.115715 52912618131.975235 45789909107.20864 8870245210.577648 680153204.5599265 14814814.814815 34399851848.77318 50381486227.56537 42705898880.45486 50924194672.12314 56135890632.560524 56322032618.82818 56311228436.31837 53128400074.29724 53920885959.891785 53000949300.160385 49062466860.3678 43720923745.94048 2040767657.985874 41040628874.08139 36183330892.42157 14634972361.523964 14814814.814815 49368985165.28729 54681372229.51383 52538431050.48105 56459486789.88333 49623768181.185776 51309458121.78868 56690687321.22556 43317765362.775345 44153168850.40816 14814814.814815 14814814.814815 48285160625.73158 52845730973.78681 50188023763.736694 53763997397.10201 55492548744.48786 56059038670.54167 56038432694.5007 47465950105.4465 54598336433.79034 53733482867.27164 50452222739.88219 53546016380.11089 41040071687.46079 1999715212.2945364 51423129848.09256 52462479345.14013 49368985165.287285 14814814.814815 20875191143.78396 14814814.814815 48267811216.90128 43640656386.57102 50720004386.66623 52880442455.42431 47695712756.53855 53884394597.26112 53513805000.11432 51570289833.02639 54161460582.408905 52504078385.60685 51645865390.04087 53196072670.86545 56961070140.00302 57127064239.06429 57121057345.363 54298117733.14069 56589688927.45 56326897583.75806 55267219760.338264 56272348748.51116 51732809936.30148 23836607632.079838 41963999790.850296 55862014838.799446 54681372229.51383 20875191143.78396 14814814.814815 14814814.814815 14357661120.376621 5360259920.835868 38425851346.755394 44219703116.85358 20080519208.844627 50217895498.211006 56188983197.15582 55491791201.422424 49148995150.60152 48390985543.50382 46378571330.5449 48410577698.893105 56373087523.04653 56620161787.18534 56608234664.35402 52881680232.195854 55639505082.04852 55279814130.79792 53664657378.60015 55180770768.30593 49499619908.67269 25207878968.501804 48685974226.61715 54481164155.116486 52538431050.48105 14814814.814815 14814814.814815 14814814.814815 37473888516.96363 29475858951.07002 46132129576.08093 49558677423.76769 37040999419.13247 51462266711.02195 54900858221.35117 53698346789.72182 50279980155.188614 49939585745.81136 48604209494.49283 50644631595.064705 57388006204.47292 57416162080.90339 57414530686.458374 56808485641.68828 57146037191.82184 57106068792.67951 56885818955.11808 57097599949.86058 56102238194.16274 51772213064.87115 47546662456.12003 50501766900.156784 56459486789.88333 48267811216.90128 14357661120.376621 37473888516.96362 14814814.814815 38012540171.68853 4397956467.517949 5698658469.688112 43015982684.82119 38790743279.85415 51880575627.98449 51507493652.02984 39080200300.26163 34930386455.46533 29065011517.23019 23930085621.5774 57183548024.42993 57230920116.89995 57228174855.10441 56245826201.77362 56803269925.31079 56736537376.68532 56373618702.15679 54911599185.37248 43378249683.30084 48356783654.915565 5692171215.966176 49932020194.0734 49623768181.185776 43640656386.57102 5360259920.835868 29475858951.07002 38012540171.68853 14814814.814815 2540158847.8712444 48975714682.543945 14814814.814815 36885646305.929085 51523454707.21018 51095679261.658226 37383790003.29174 32810927181.90631 26583138598.97847 38831197253.00036 57326330127.78072 57345069524.07569 57343628324.81795 56808133650.02358 57020079610.16406 56996544774.26886 56158335794.89435 55404596208.09638 50914152359.86787 53950555232.8656 35974963652.75695 42463379962.115715 51309458121.78868 50720004386.66623 38425851346.755394 46132129576.08093 4397956467.517949 2540158847.8712444 14814814.814815 36823057515.43335 15912393504.861675 8144887243.48117 49030446464.66883 47968171057.138176 13140406070.46482 3991089752.1990666 216367417.30618918 17240099450.014664 57437352702.95018 57448348365.944626 57447500451.99235 57079556419.665245 57211556291.63514 57197697631.92605 57090400601.65202 57197375985.07392 56590833828.89321 55153182764.13833 51092670132.078705 52912618131.975235 56690687321.22556 52880442455.42431 44219703116.85358 49558677423.76769 5698658469.688112 48975714682.543945 36823057515.43335 14814814.814815 49691516148.70284 49225787939.439964 53245205102.781586 53105183905.92152 48100726320.39032 4018056302.1762395 45205750404.98567 14814814.814815 56742953291.37654 56823815088.50227 56818332974.811134 55228684499.45659 55340637350.76358 55008442217.44718 52314309241.74437 50885185969.427795 27300610619.260944 50096226528.501175 14814814.814815 45789909107.20864 43317765362.775345 47695712756.53856 20080519208.844627 37040999419.13247 43015982684.82119 14814814.814815 15912393504.861675 49691516148.70284 14814814.814815 19404686311.549732 49141960502.442024 47097110352.38387 36751539794.64286 39132762824.441605 34735554202.78632 41766383339.38251 56824192286.79311 56875972317.10703 56871994892.44788 55614449777.144806 55638664219.3399 55442972897.0422 54151071439.14412 53533912218.18613 39808123215.54618 52595465099.9823 1843436929.2697248 8870245210.577648 44153168850.40816 53884394597.26112 50217895498.211006 51462266711.02195 38790743279.85415 36885646305.929085 8144887243.48117 49225787939.439964 19404686311.549732 14814814.814815 34816527311.54865 30999307794.96823 543540421.586824 38383134143.73274 13804971233.53519 42920464530.73848 56766298568.56863 56829731691.86835 56824860198.79863 55420140430.91407 55475663715.901306 55236765395.6441 53747584514.53676 52986836227.90172 37048069038.51861 51940515766.79093 47795937165.4144 680153204.5599265 14814814.814815 53513805000.11432 56188983197.15582 54900858221.35117 51880575627.98449 51523454707.21018 49030446464.66883 53245205102.781586 49141960502.442024 34816527311.54865 14814814.814815 14814814.814815 44769787831.477196 51809614309.44229 47913369835.05034 51920449583.59863 56448292323.049255 56570132750.4111 56562123585.197136 54358143477.43031 54667549662.93837 54134761523.82367 51588646456.29594 49492202257.672844 20045126896.879936 47796648568.67764 44560005679.5987 14814814.814815 14814814.814815 51570289833.02639 55491791201.422424 53698346789.72182 51507493652.02984 51095679261.658226 47968171057.138176 53105183905.92152 47097110352.38387 30999307794.96823 14814814.814815 14814814.814815 43143193456.07619 51422404103.0853 46862822819.27398 51567957481.00688 56843523879.33685 56884706512.071815 56881060883.99507 55750765750.9545 55700285291.58623 55575953230.92223 54505268269.96947 54313042026.68641 47497314879.734146 53545083607.467026 26297870684.27866 34399851848.77318 48285160625.73158 54161460582.408905 49148995150.60152 50279980155.188614 39080200300.26163 37383790003.29174 13140406070.46482 48100726320.39032 36751539794.64286 543540421.586824 44769787831.477196 43143193456.07619 14814814.814815 38701769300.55235 14814814.814815 41904250642.66883 57350409131.86258 57361076919.23882 57360123254.09272 56922509311.94141 57053634783.43988 57041369379.38427 56350676768.60047 55757745298.1252 52915053064.35588 54987214792.304 47372349650.4202 50381486227.56537 52845730973.78681 52504078385.60685 48390985543.50382 49939585745.81136 34930386455.46533 32810927181.90631 3991089752.1990666 4018056302.1762395 39132762824.441605 38383134143.73274 51809614309.44229 51422404103.0853 38701769300.55235 14814814.814815 28529008112.251343 14814814.814815 57332046092.03703 57347370016.44619 57346020974.703224 56853511574.527115 57024996320.9664 57007202892.744774 55630290596.819855 54934628065.74837 49968566168.11604 54587945942.08083 36942484211.01882 42705898880.45486 50188023763.736694 51645865390.04087 46378571330.5449 48604209494.49283 29065011517.23019 26583138598.97847 216367417.30618918 45205750404.98567 34735554202.78632 13804971233.53519 47913369835.05034 46862822819.27398 14814814.814815 28529008112.251343 14814814.814815 35734797285.00731 57438557502.39809 57448680875.66922 57447847630.13399 57093199941.42782 57212263480.685425 57199941493.53506 57097924250.83706 56471677211.99444 54124897681.02498 55411887863.3289 48228199342.271255 50924194672.12314 53763997397.10201 53196072670.86545 48410577698.893105 50644631595.064705 23930085621.5774 38831197253.00036 17240099450.014664 14814814.814815 41766383339.38251 42920464530.73848 51920449583.59863 51567957481.00688 41904250642.66883 14814814.814815 35734797285.00731 14814814.814815 
