14814814.814815 8401124473.510227 7656223593.359508 27706483760.70884 7656223593.359508 51269155527.40158 40389401760.35661 49684851404.02646 58962211159.67193 57094206109.88598 59730667546.38085 59944645888.52959 59378856317.69385 58806544817.39685 60217759060.40722 59622891024.73302 60622381997.66266 60418975810.67546 60559407751.92185 60670324584.29974 59977293845.231895 60057724155.83582 60000017939.061165 59683986113.418785 60076455351.81681 60583246534.79859 60564901052.901436 60671411867.64459 8401124473.510227 14814814.814815 35551249637.39697 48401772398.24529 35551249637.39697 55477753837.07206 51489084738.73399 54736185654.867485 59388191635.1729 58814106024.4784 59847940033.407684 60039521695.550354 59556367777.42994 59304144336.161156 60363463304.62477 59855529601.92869 60649202418.693794 60464118652.50843 60577914845.21397 60681177788.46634 60056850498.013596 60108885973.4707 60062673564.31938 59803372052.04717 60117529885.61221 60593886138.94157 60580181876.9509 60681492644.23818 7656223593.359508 35551249637.39697 14814814.814815 48039295137.58547 14814814.814815 6567932996.071036 26140613021.057896 54620954515.74156 59371236088.704544 58774298997.83748 59840845772.587654 60033777573.67983 59545665189.80555 59284351945.76425 60357695097.923134 59843772549.30731 60647586729.07014 60461399612.94294 60576476381.52469 60680331551.51502 60051383762.320694 60104915829.32383 60057811225.91909 59795391802.72122 60113885532.25545 60592932806.12536 60578833343.521805 60680659900.77009 27706483760.70884 48401772398.24529 48039295137.58547 14814814.814815 39543990094.80839 15065706213.85607 319711319.3837534 11154711237.001478 52929298797.35048 35530515997.37037 57651849215.92388 58225345331.73625 56538384398.65991 51998725854.78744 57951526485.66396 56408695561.66194 60069881635.58085 59526070367.414116 60045913516.45058 60315420550.00435 58488964261.67426 58860337137.405304 58669360687.1994 57642104324.53242 58985861237.63355 60155917885.98794 60087239186.82531 60326919000.77838 7656223593.359508 35551249637.39697 14814814.814815 39543990094.80839 14814814.814815 6567932996.071036 14733527910.411991 39704272138.204895 56065918205.36488 56874639522.44055 58044955585.73709 58543144415.62551 57172163809.09831 57856979715.50798 59830169420.387436 58877741177.33076 60379347957.526794 60036917793.03454 60252971919.047615 60444414601.33821 58576040547.44272 58872817252.875755 58710160953.188354 57905653256.20726 58933325771.28122 60286449710.42064 60257816907.03767 60445083892.83175 51269155527.40158 55477753837.07206 6567932996.071036 15065706213.85607 6567932996.071036 14814814.814815 14814814.814815 19421306100.929455 53462518068.11832 54110017127.60411 57480227096.36978 58079488984.37266 56338495061.45926 57113133861.4205 59603774031.17154 58543728111.62712 60341790216.00024 59974197696.20241 60229856076.25052 60430813290.35961 58256122877.807076 58683516891.23483 58479277848.61306 57397794342.326355 58810113957.6016 60274235157.70347 60240101223.55403 60432838856.81684 40389401760.35661 51489084738.73399 26140613021.057896 319711319.3837534 14733527910.411991 14814814.814815 14814814.814815 2895947838.3234153 44554377794.996925 45765610691.8815 54867827733.7516 55890409445.76739 52744049189.32888 54164167666.554535 58649721396.85702 57002009629.00774 60128669664.605545 59623106004.52908 59393640398.241295 60324279438.38652 55631451512.32643 57418663872.495384 57023872132.15846 54954207693.98344 57744188361.18224 59583785304.42138 58864626659.98474 60331049890.30575 49684851404.02646 54736185654.867485 54620954515.74156 11154711237.001478 39704272138.204895 19421306100.929455 2895947838.3234153 14814814.814815 28293736350.817772 53663634755.3044 52038116268.177055 53527964219.55537 48699190495.64661 56938209253.189384 59553102646.53847 58447394465.71069 60333580482.25476 58194560430.91419 58651201694.56718 60430519354.454704 54469903726.59345 56913936258.41435 56403226272.52801 53272603435.47666 57571889440.28641 58992233054.94885 58176453574.489006 59704862619.23325 58962211159.67193 59388191635.1729 59371236088.704544 52929298797.35048 56065918205.36488 53462518068.11832 44554377794.996925 28293736350.817772 14814814.814815 23683437383.522717 16504638759.938177 20711281452.575214 8936522991.291384 46341164747.35723 55694221913.086914 53232867722.46991 59386165308.19402 47719612511.69229 54389407060.73149 59829129240.48621 34480330735.74804 45203210856.785904 42840850258.19859 28199176905.37054 51167081982.49151 56178292850.06328 53358042756.62246 57366277835.41631 57094206109.88598 58814106024.4784 58774298997.83748 35530515997.37037 56874639522.44055 54110017127.60411 45765610691.8815 53663634755.3044 23683437383.522717 14814814.814815 50181328993.583786 51924475475.0966 46337516288.552315 8859086198.675747 32989331633.486477 32763293772.39535 55730223672.511215 52732318610.433174 57313845260.61005 58467565715.18251 53763351347.02501 56009263708.73653 55398550010.26604 51692312007.562965 56810003013.09069 58236108010.58306 57845187825.48142 58669164610.68526 59730667546.38085 59847940033.407684 59840845772.587654 57651849215.92388 58044955585.73709 57480227096.36978 54867827733.7516 52038116268.177055 16504638759.938177 50181328993.583786 14814814.814815 45395971922.25203 42056571174.38046 54891323108.96464 46442170233.82258 52131798720.55004 51163211829.569496 13706374445.071077 41801167986.84219 54369165383.36524 1787331855.2639384 8613252531.551903 51444873463.09193 48605999717.39094 33363443379.98593 51001249465.5416 41902794198.19994 51616942030.17984 59944645888.52959 60039521695.550354 60033777573.67983 58225345331.73625 58543144415.62551 58079488984.37266 55890409445.76739 53527964219.55537 20711281452.575214 51924475475.096596 45395971922.25203 14814814.814815 23114392171.81849 55889769033.54168 59154063823.80318 57755532771.17557 53973581732.63603 53443795623.89913 47458749766.95998 56172017220.41114 49668611774.89595 17858575488.01209 6513240197.360594 3289096178.2843122 40458933039.57077 53861285005.5981 47096001876.11052 54253673691.45821 59378856317.69384 59556367777.42994 59545665189.80555 56538384398.65991 57172163809.09831 56338495061.45926 52744049189.32888 48699190495.64661 8936522991.291384 46337516288.552315 42056571174.38046 23114392171.81849 14814814.814815 52951109182.901 58024604783.582565 55847577614.54175 59699727761.249344 53037190958.709145 54635276075.47119 59924287437.16712 47384489729.80085 48280311998.71531 14814814.814815 14814814.814815 51686768826.78325 56090132711.52418 53480814164.378265 57000294638.03603 58806544817.39685 59304144336.161156 59284351945.76425 51998725854.78744 57856979715.50798 57113133861.4205 54164167666.554535 56938209253.189384 46341164747.35723 8859086198.675747 54891323108.96464 55889769033.54168 52951109182.90099 14814814.814815 28831889596.950684 224461532.72023118 52120550102.4707 47819582674.28035 54065397009.14487 56184992988.42344 51201388171.12994 57144013473.63518 56780144308.07043 54905856400.355255 57398972844.49175 55750987209.24598 54899903098.20031 56450439870.82597 60217759060.40722 60363463304.62477 60357695097.923134 57951526485.66396 59830169420.387436 59603774031.17154 58649721396.85702 59553102646.53847 55694221913.086914 32989331633.486477 46442170233.82258 59154063823.80318 58024604783.582565 28831889596.950684 14814814.814815 4724307138.784998 23827742350.97078 13667955848.57058 43989495843.24996 49066540633.852425 28201555251.019653 53716719291.08046 59431876432.72458 58756242314.72517 52560882482.548416 51966611417.95271 50115558471.504364 52162252511.21454 59622891024.73302 59855529601.92869 59843772549.30731 56408695561.66194 58877741177.33076 58543728111.62712 57002009629.00774 58447394465.71069 53232867722.46991 32763293772.39535 52131798720.55004 57755532771.17557 55847577614.54175 224461532.72023118 4724307138.784998 14814814.814815 43294574636.53703 36239635819.104935 49898642334.14093 53140941216.97377 41840024092.939224 54748655805.79803 58140757796.88069 56953198824.82341 53548851543.82428 53241863001.466385 51940552925.62026 53983792966.67645 60622381997.66266 60649202418.693794 60647586729.07014 60069881635.58085 60379347957.526794 60341790216.00024 60128669664.605545 60333580482.25476 59386165308.19402 55730223672.511215 51163211829.569496 53973581732.63603 59699727761.249344 52120550102.4707 23827742350.97078 43294574636.537025 14814814.814815 43609240011.147385 12366229236.889736 14080888904.660938 47215668537.581276 44214528718.99796 55154863142.2241 54795023573.57658 43815281557.6952 40834001159.83342 35798827201.47851 31569879535.28771 60418975810.67546 60464118652.50843 60461399612.94294 59526070367.414116 60036917793.03454 59974197696.20241 59623106004.52908 58194560430.91419 47719612511.69229 52732318610.433174 13706374445.071077 53443795623.89913 53037190958.709145 47819582674.28035 13667955848.57058 36239635819.104935 43609240011.147385 14814814.814815 9736412699.6096 52520794368.864075 253912946.62914026 42593944753.43062 54804870695.20023 54392545323.10957 42320798724.73034 39032307791.55551 33652437333.001705 43386286010.51966 60559407751.92185 60577914845.21397 60576476381.52469 60045913516.45058 60252971919.047615 60229856076.25052 59393640398.241295 58651201694.56718 54389407060.73149 57313845260.61005 41801167986.84219 47458749766.95998 54635276075.47119 54065397009.14487 43989495843.24996 49898642334.14093 12366229236.889736 9736412699.6096 14814814.814815 42515417244.24764 24267013295.819572 17024908196.650959 52599961581.39139 51639339143.77713 21798595899.862568 11828260987.313814 5603310411.724532 25474144988.703445 60670324584.29974 60681177788.46634 60680331551.51502 60315420550.00435 60444414601.33821 60430813290.35961 60324279438.38652 60430519354.454704 59829129240.48621 58467565715.18251 54369165383.36524 56172017220.41114 59924287437.16712 56184992988.42344 49066540633.852425 53140941216.97377 14080888904.660938 52520794368.864075 42515417244.24764 14814814.814815 53041590707.54925 52744605052.82986 56482544054.16924 56343996776.62668 51525739217.677536 11576442851.306654 48977832267.58321 1121039091.904612 59977293845.231895 60056850498.013596 60051383762.320694 58488964261.67426 58576040547.44272 58256122877.807076 55631451512.32643 54469903726.59345 34480330735.74804 53763351347.02501 1787331855.2639384 49668611774.89595 47384489729.80085 51201388171.129944 28201555251.019653 41840024092.939224 47215668537.581276 253912946.62914026 24267013295.819572 53041590707.54925 14814814.814815 27340678523.326046 52491231569.127815 50562786555.088684 41349566408.40702 43638780547.9359 39720704586.87692 45519691100.99338 60057724155.83582 60108885973.4707 60104915829.32383 58860337137.405304 58872817252.875755 58683516891.23483 57418663872.495384 56913936258.41435 45203210856.785904 56009263708.73653 8613252531.551903 17858575488.01209 48280311998.71531 57144013473.63518 53716719291.08046 54748655805.79803 44214528718.99796 42593944753.43062 17024908196.650959 52744605052.82986 27340678523.326046 14814814.814815 40820022765.34835 37571020342.91773 6274139516.959402 43864496167.40352 22427494785.785503 47105534797.18404 60000017939.061165 60062673564.31938 60057811225.91909 58669360687.1994 58710160953.188354 58479277848.61306 57023872132.15847 56403226272.528015 42840850258.19859 55398550010.26604 51444873463.09193 6513240197.360594 14814814.814815 56780144308.07043 59431876432.72458 58140757796.88069 55154863142.2241 54804870695.20023 52599961581.39139 56482544054.16924 52491231569.127815 40820022765.34835 14814814.814815 14814814.814815 48597602436.0297 55085328388.65557 51362747742.326866 55169942942.7651 59683986113.418785 59803372052.04717 59795391802.72122 57642104324.53242 57905653256.20726 57397794342.326355 54954207693.98344 53272603435.47666 28199176905.37054 51692312007.562965 48605999717.39094 3289096178.2843122 14814814.814815 54905856400.355255 58756242314.72517 56953198824.82341 54795023573.57658 54392545323.10957 51639339143.77713 56343996776.62668 50562786555.088684 37571020342.91773 14814814.814815 14814814.814815 47140304731.90591 54711800844.75413 50377407310.0254 54822786758.833954 60076455351.81681 60117529885.61221 60113885532.25545 58985861237.63355 58933325771.28122 58810113957.6016 57744188361.18224 57571889440.28641 51167081982.49151 56810003013.09069 33363443379.98593 40458933039.57077 51686768826.78325 57398972844.49175 52560882482.548416 53548851543.82428 43815281557.6952 42320798724.73034 21798595899.862568 51525739217.677536 41349566408.40702 6274139516.959402 48597602436.0297 47140304731.90591 14814814.814815 43477111750.96752 14814814.814815 45774850244.49989 60583246534.79859 60593886138.94157 60592932806.12536 60155917885.98794 60286449710.42064 60274235157.70347 59583785304.42138 58992233054.94885 56178292850.06328 58236108010.58306 51001249465.541595 53861285005.5981 56090132711.52418 55750987209.24598 51966611417.95271 53241863001.466385 40834001159.83342 39032307791.55551 11828260987.313814 11576442851.306654 43638780547.9359 43864496167.40352 55085328388.65557 54711800844.75413 43477111750.96752 14814814.814815 35331891876.55859 52630723.25554685 60564901052.901436 60580181876.9509 60578833343.521805 60087239186.82531 60257816907.03767 60240101223.55403 58864626659.98474 58176453574.489006 53358042756.62246 57845187825.48142 41902794198.199936 47096001876.11052 53480814164.378265 54899903098.20031 50115558471.504364 51940552925.62026 35798827201.47851 33652437333.001705 5603310411.724532 48977832267.58321 39720704586.87692 22427494785.785503 51362747742.326866 50377407310.0254 14814814.814815 35331891876.55859 14814814.814815 40617008213.98756 60671411867.64459 60681492644.23818 60680659900.77009 60326919000.77838 60445083892.83175 60432838856.81684 60331049890.30575 59704862619.23325 57366277835.41631 58669164610.68526 51616942030.17984 54253673691.45821 57000294638.03603 56450439870.82597 52162252511.21454 53983792966.67645 31569879535.28771 43386286010.51966 25474144988.703445 1121039091.904612 45519691100.99338 47105534797.18404 55169942942.7651 54822786758.833954 45774850244.49989 52630723.25554685 40617008213.98756 14814814.814815 
