14814814.814815 3786061253.7161202 3197906356.820122 21742045032.90174 3197906356.820122 48528204639.445145 36317594131.60618 46783135913.05256 56981843934.43568 54832988484.88512 57787175774.17526 58001861558.40326 57433341922.78466 56819499725.17507 58264113260.18667 57673445797.84272 58681793066.89374 58477783520.961685 58619570559.837585 58730546769.25516 58036747206.56201 58117630575.0389 58059817239.176735 57742672447.137955 58136702300.6784 58643545574.40953 58625190410.99368 58731701309.53006 3786061253.7161202 14814814.814815 31276645403.22304 45349228595.51009 31276645403.22304 53409003545.32019 49137987671.375755 52638477891.54111 57442446338.97293 56825329205.44708 57907692908.23416 58099379607.403046 57615819945.453186 57357394776.8576 58421710458.00201 57914397173.34094 58709385753.43904 58524212628.89359 58638209419.82387 58741481152.1792 58117039946.79241 58169142572.427925 58122914288.88015 57863447710.55481 58177836905.640495 58654200873.26616 58640495178.13771 58741805958.48776 3197906356.820122 31276645403.22304 14814814.814815 44924369102.7662 14814814.814815 2409026317.709041 20693519701.075855 52513377068.79163 57425099594.89962 56782376999.98625 57900562104.11007 58093605729.77457 57605061407.61521 57337146759.453 58415808238.489525 57902546398.080536 58707761369.55683 58521479106.60621 58636769472.081116 58740634001.0353 58111564918.551865 58165168484.353645 58118046979.291565 57855451809.56502 58174191875.456154 58653247363.601616 58639146374.90406 58740972946.06094 21742045032.90174 45349228595.51009 44924369102.7662 14814814.814815 35681718985.79323 9408719387.74873 14814814.814815 6002156045.217199 50314319765.04595 30043376642.106617 55643811737.65612 56229636683.22044 54495521480.62347 49285535967.40659 55762248475.84914 54297480260.85322 58113485730.04647 57558713793.27722 58103377620.63389 58373975327.14595 56533609576.62089 56913160774.32253 56720253441.221214 55673131319.30865 57044890933.457 58215895025.41581 58147037917.09064 58386718067.14344 3197906356.820122 31276645403.22304 14814814.814815 35681718985.79323 14814814.814815 2409026317.709041 9295086711.956648 36383581951.523476 54055185939.879234 54833100240.20169 56098468006.19731 56597892429.84344 55222160978.35333 55902497286.59193 57886080249.3037 56934996330.57706 58439378628.60957 58096758679.02325 58313240488.730865 58504701902.14749 56634935094.211235 56932393616.58802 56769545945.041824 55963060734.22848 56993515969.0773 58346761345.24738 58318125481.441986 58505392482.31278 48528204639.445145 53409003545.32019 2409026317.709041 9408719387.74873 2409026317.709041 14814814.814815 14814814.814815 13889265890.25325 51126751701.89439 51604175333.960686 55501040877.561905 56107413495.012566 54339210463.93087 55087812866.63645 57638344344.876144 56586190533.13373 58400426626.6459 58031722947.67693 58289886944.19867 58490953921.30968 56308144298.48007 56739503273.03151 56534149744.59381 55441203682.16521 56869686950.79137 58334518469.564964 58300366601.71824 58493104314.1022 36317594131.60618 49137987671.375755 20693519701.075855 14814814.814815 9295086711.956648 14814814.814815 14814814.814815 156999477.39154404 41085262968.8924 42197060490.2799 52751249137.55479 53804437486.35251 50542865313.35659 51945181264.42925 56622752827.26108 55002439284.19149 58183212160.82519 57673854288.01707 57452550881.85299 58383988302.93181 53643662511.06492 55459078009.14839 55059251872.011154 52938557109.82361 55801072922.08362 57643934687.13814 56924102840.47603 58391188352.23731 46783135913.05256 52638477891.54111 52513377068.79163 6002156045.217199 36383581951.523476 13889265890.25325 156999477.39154404 14814814.814815 22376998439.917446 51113044023.73297 49373743688.03178 50982504218.6057 45719517503.90638 54905597743.71907 57585416661.25846 56488307881.812355 58392068213.62259 56226533064.08898 56703636729.591034 58490644319.32786 52326083351.77563 54888671299.11299 54356554887.98493 51014017378.29518 55617354931.29442 57051606484.93451 56231737095.24521 57764970635.90053 56981843934.43568 57442446338.97293 57425099594.89962 50314319765.04595 54055185939.879234 51126751701.89439 41085262968.8924 22376998439.917446 14814814.814815 17677540641.54348 10743602653.065224 14736963900.759834 4209489033.3921323 43164865619.59062 53321978803.89641 51001314315.91262 57416632621.89536 45140130373.708 52309070591.63665 57886287473.62596 30141154374.049923 41972317808.17855 39363543810.59295 23195767280.47774 48973899568.209366 54221289818.12808 51329535748.040924 55421818636.4789 54832988484.88512 56825329205.44708 56782376999.98625 30043376642.106617 54833100240.20169 51604175333.960686 42197060490.2799 51113044023.73297 17677540641.54348 14814814.814815 47369942691.83044 49251496769.279526 43164866711.385895 4153732425.752297 27309413091.746166 28169147035.440746 53359848019.47334 50113677618.97747 55298312111.512 56480269124.17063 51572178280.59447 53964350227.02009 53327582937.05492 49366299449.89516 54852006065.56963 56287244602.20043 55891591986.22369 56715431510.63978 57787175774.17526 57907692908.23416 57900562104.11007 55643811737.65612 56098468006.19731 55501040877.561905 52751249137.55479 49373743688.03178 10743602653.065224 47369942691.83044 14814814.814815 42190439652.741714 38532480864.14566 52814569107.26293 43783257799.65802 50071836213.14479 49000965501.91015 8517245447.852873 38309014690.66263 52404570385.63235 14814814.814815 3960417571.798734 49263026967.32815 46192462979.80898 29092511791.47462 48832172061.30686 38956624963.41984 49589004440.59354 58001861558.40326 58099379607.403046 58093605729.77457 56229636683.22044 56597892429.84344 56107413495.012566 53804437486.35251 50982504218.6057 14736963900.759834 49251496769.27952 42190439652.741714 14814814.814815 17837298980.221317 53836787609.45444 57179818651.73489 55792027503.29571 51895243152.26753 51342555871.72541 44470530543.528946 54217152090.30244 47354317926.48464 12035549036.805002 2414655729.099464 364598649.7307601 36823333350.18914 51778527674.51024 44484869858.98241 52259236317.48078 57433341922.78465 57615819945.453186 57605061407.61521 54495521480.62347 55222160978.35333 54339210463.93087 50542865313.35659 45719517503.90638 4209489033.3921323 43164866711.385895 38532480864.14566 17837298980.221317 14814814.814815 50808042736.95737 56020598935.47072 53864202075.40157 57755774451.9373 50995614372.07558 52642591069.321754 57984154587.21783 44960204789.738335 45819475946.35373 14814814.814815 14814814.814815 49650958816.76103 54143965830.21897 51507734566.2161 55058702750.290344 56819499725.17507 57357394776.8576 57337146759.453 49285535967.40659 55902497286.59193 55087812866.63645 51945181264.42925 54905597743.71907 43164865619.59062 4153732425.752297 52814569107.26293 53836787609.45444 50808042736.95736 14814814.814815 23961563062.49233 14814814.814815 49819506879.20012 45327958034.746895 52061506724.30773 54204234248.98585 49107046937.32447 55188994160.94806 54821235480.32543 52907395910.07186 55456648354.4283 53803413302.83127 52948366729.982834 54498618129.11874 58264113260.18667 58421710458.00201 58415808238.489525 55762248475.84914 57886080249.3037 57638344344.876144 56622752827.26108 57585416661.25846 53321978803.89641 27309413091.746166 43783257799.65802 57179818651.73489 56020598935.47072 23961563062.49233 14814814.814815 1207151813.1119387 17814600363.964096 8164937832.76509 40656690985.70373 46164046780.101845 23242454817.648643 51622785120.6355 57486397743.430374 56798430130.12894 50519851101.26098 49828192945.972275 47883901339.25715 49919736955.27862 57673445797.84272 57914397173.34094 57902546398.080536 54297480260.85322 56934996330.57706 56586190533.13373 55002439284.19149 56488307881.812355 51001314315.91262 28169147035.440746 50071836213.14479 55792027503.29571 53864202075.40157 14814814.814815 1207151813.1119387 14814814.814815 39803020053.40077 32160570380.65115 47649035785.626305 50997780951.225586 38989980141.68234 52778482789.805595 56197071698.62409 55001110539.06589 51589144016.17978 51262674730.54858 49942103888.1358 51983256317.108154 58681793066.89374 58709385753.43904 58707761369.55683 58113485730.04647 58439378628.60957 58400426626.6459 58183212160.82519 58392068213.62259 57416632621.89536 53359848019.47334 49000965501.91015 51895243152.26753 57755774451.9373 49819506879.20012 17814600363.964096 39803020053.400764 14814814.814815 40256504128.23044 7049898335.187178 8540872677.923048 44717117722.22752 40966943368.469284 53191504996.784004 52824162367.92609 41002590989.94833 37293466777.01788 31743294681.341545 26916178067.37511 58477783520.961685 58524212628.89359 58521479106.60621 57558713793.27722 58096758679.02325 58031722947.67693 57673854288.01707 56226533064.08898 45140130373.708 50113677618.97747 8517245447.852873 51342555871.72541 50995614372.07558 45327958034.746895 8164937832.76509 32160570380.65115 40256504128.23044 14814814.814815 4839637985.978821 50399612730.75884 14814814.814815 39175548403.206985 52837498802.15176 52416436231.67003 39390790393.334366 35298526848.74438 29385966464.035133 40679245911.37614 58619570559.837585 58638209419.82387 58636769472.081116 58103377620.63389 58313240488.730865 58289886944.19867 57452550881.85299 56703636729.591034 52309070591.63665 55298312111.512 38309014690.66263 44470530543.528946 52642591069.321754 52061506724.30773 40656690985.70373 47649035785.626305 7049898335.187178 4839637985.978821 14814814.814815 39100640205.555435 19120234705.802025 11253326905.08825 50464576024.74885 49445159528.562004 16399020119.113575 6581926082.793784 1765813189.7089787 20410528047.43706 58730546769.25516 58741481152.1792 58740634001.0353 58373975327.14595 58504701902.14749 58490953921.30968 58383988302.93181 58490644319.32786 57886287473.62596 56480269124.17063 52404570385.63235 54217152090.30244 57984154587.21783 54204234248.98585 46164046780.101845 50997780951.225586 8540872677.923048 50399612730.75884 39100640205.555435 14814814.814815 51035511101.31255 50638726520.80644 54540312953.49682 54400943697.18895 49477042981.33012 6589315841.791541 46725125941.502594 14814814.814815 58036747206.56201 58117039946.79241 58111564918.551865 56533609576.62089 56634935094.211235 56308144298.48007 53643662511.06492 52326083351.77563 30141154374.049923 51572178280.59447 14814814.814815 47354317926.48464 44960204789.738335 49107046937.32448 23242454817.648643 38989980141.68234 44717117722.22752 14814814.814815 19120234705.802025 51035511101.31255 14814814.814815 22485309702.70336 50485237284.7459 48490569514.4869 38615163242.91994 40963069262.13719 36765047257.730354 43287052447.759964 58117630575.0389 58169142572.427925 58165168484.353645 56913160774.32253 56932393616.58802 56739503273.03151 55459078009.14839 54888671299.11299 41972317808.17855 53964350227.02009 3960417571.798734 12035549036.805002 45819475946.35373 55188994160.94806 51622785120.6355 52778482789.805595 40966943368.469284 39175548403.206985 11253326905.08825 50638726520.80644 22485309702.70336 14814814.814815 37213528689.943436 33612892447.956585 2232011183.8786693 40583841096.51244 17060207237.186562 44614425259.90912 58059817239.176735 58122914288.88015 58118046979.291565 56720253441.221214 56769545945.041824 56534149744.59381 55059251872.01116 54356554887.98494 39363543810.59295 53327582937.05492 49263026967.32815 2414655729.099464 14814814.814815 54821235480.32543 57486397743.430374 56197071698.62409 53191504996.784004 52837498802.15176 50464576024.74885 54540312953.49682 50485237284.7459 37213528689.943436 14814814.814815 14814814.814815 46311840229.5241 53121194188.11941 49300053276.9711 53220960055.40082 57742672447.137955 57863447710.55481 57855451809.56502 55673131319.30865 55963060734.22848 55441203682.16521 52938557109.82361 51014017378.29518 23195767280.47774 49366299449.89516 46192462979.80898 364598649.7307601 14814814.814815 52907395910.07186 56798430130.12894 55001110539.06589 52824162367.92609 52416436231.67003 49445159528.562004 54400943697.18895 48490569514.4869 33612892447.956585 14814814.814815 14814814.814815 44756289973.7138 52739926171.53277 48277885145.158714 52870852848.13987 58136702300.6784 58177836905.640495 58174191875.456154 57044890933.457 56993515969.0773 56869686950.79137 55801072922.08362 55617354931.29442 48973899568.209366 54852006065.56963 29092511791.47462 36823333350.18914 49650958816.76103 55456648354.4283 50519851101.26098 51589144016.17978 41002590989.94833 39390790393.334366 16399020119.113575 49477042981.33012 38615163242.91994 2232011183.8786693 46311840229.5241 44756289973.7138 14814814.814815 40642042351.3044 14814814.814815 43475068036.76966 58643545574.40953 58654200873.26616 58653247363.601616 58215895025.41581 58346761345.24738 58334518469.564964 57643934687.13814 57051606484.93451 54221289818.12808 56287244602.20043 48832172061.306854 51778527674.51024 54143965830.21897 53803413302.83127 49828192945.972275 51262674730.54858 37293466777.01788 35298526848.74438 6581926082.793784 6589315841.791542 40963069262.13719 40583841096.51244 53121194188.11941 52739926171.53277 40642042351.3044 14814814.814815 31235443787.611633 14814814.814815 58625190410.99368 58640495178.13771 58639146374.90406 58147037917.09064 58318125481.441986 58300366601.71824 56924102840.47603 56231737095.24521 51329535748.040924 55891591986.22369 38956624963.41983 44484869858.98241 51507734566.2161 52948366729.982834 47883901339.25715 49942103888.1358 31743294681.341545 29385966464.035133 1765813189.7089787 46725125941.502594 36765047257.730354 17060207237.186562 49300053276.9711 48277885145.158714 14814814.814815 31235443787.611633 14814814.814815 37718458928.534485 58731701309.53006 58741805958.48776 58740972946.06094 58386718067.14344 58505392482.31278 58493104314.1022 58391188352.23731 57764970635.90053 55421818636.4789 56715431510.63978 49589004440.59354 52259236317.48078 55058702750.290344 54498618129.11874 49919736955.27862 51983256317.108154 26916178067.37511 40679245911.37614 20410528047.43706 14814814.814815 43287052447.759964 44614425259.90912 53220960055.40082 52870852848.13987 43475068036.76966 14814814.814815 37718458928.534485 14814814.814815 
