14814814.814815 5097950274.469336 4450513948.793598 23638214135.118427 4450513948.793598 49443884861.82957 37669656543.00828 47752263797.44844 57642334574.52741 55587881885.14857 58435059758.17456 58649499051.95333 58081930628.92553 57482283276.54633 58915446596.335266 58323399030.7179 59328667627.31244 59124867992.70363 59266185876.78506 59377141036.12789 58683614025.25251 58764336383.74068 58706560468.08405 58389808982.77105 58783288434.09088 59290113013.9478 59271761337.375725 59378272132.54924 5097950274.469336 14814814.814815 32691473024.284306 46368572638.72671 32691473024.284306 54099774583.19257 49925385578.94021 53339151370.12328 58091112611.02904 57488698295.29694 58554452588.33871 58746102181.64131 58262685856.02777 58006410892.23467 59068988894.423645 58561468857.45061 59355993667.81804 59170852062.34503 59284778437.594154 59388047011.52741 58763646741.56604 58815725177.37385 58769502515.9553 58510095069.859955 58824401547.01085 59300762708.7184 59287057536.70723 59388368301.41928 4450513948.793598 32691473024.284306 14814814.814815 45965008055.20567 14814814.814815 3557430087.6837487 22462442776.664307 53217517993.86431 58073905291.198135 57446851325.651695 58547334988.71948 58740339048.41508 58251947556.78945 57986325333.5972 59063134347.32197 58549651962.62138 59354372414.48749 59168123765.397224 59283339033.35763 59387200193.86215 58758174766.14887 58811752535.53835 58764637025.84753 58502104912.767685 58820756769.08318 59299809264.83849 59285708834.047005 59387535388.53979 23638214135.118427 46368572638.72671 45965008055.20567 14814814.814815 36966433747.660484 11115741773.574783 14814814.814815 7511491615.154446 51187998626.467926 31819916839.07879 56313808149.45075 56895395255.795204 55177483016.34436 50192116547.53236 56492912940.764786 55002825635.01514 58765759559.81382 58214752776.508575 58750931221.166145 59021146955.016365 57185651157.88396 57562331932.0541 57370090581.21926 56329899781.475204 57691908004.5903 58862576214.57256 58793782592.19209 59033461275.935265 4450513948.793598 32691473024.284306 14814814.814815 36966433747.660484 14814814.814815 3557430087.6837487 10971814204.676023 37501165734.73709 54726686993.25611 55514627740.578835 56747452650.49742 57246435727.45913 55872401103.927246 56554215713.05204 58534173480.805405 57582639519.47513 59086040448.94201 58743487658.543236 58959818848.22282 59151273508.68484 57282012104.08821 57579222424.7184 57416443293.612724 56610674416.43755 57640123592.97397 58993324311.88809 58964689568.75767 59151956540.861694 49443884861.82957 54099774583.19257 3557430087.6837487 11115741773.574783 3557430087.6837487 14814814.814815 14814814.814815 15641094452.179022 51909739527.39048 52441217032.0165 56161442923.886765 56765317473.493004 55006670901.01267 55763716323.73055 58293711594.00309 57238959690.13995 59047569792.83748 58679252989.331764 58936548814.71507 59137576847.41569 56957666776.99996 57387605276.59633 57182644490.35941 56093784142.085625 57516517156.19718 58981091548.19839 58946946144.46006 59139683692.63788 37669656543.00828 49925385578.94021 22462442776.664307 14814814.814815 10971814204.676023 14814814.814815 14814814.814815 846940610.2191805 42241982838.26531 43386739866.220055 53458495485.84326 54501167566.68077 51279142861.16649 52687476554.84998 57299219600.3753 55669858335.73367 58831777809.761734 58323743722.888016 58099609746.44142 59030763277.14213 54307056449.784035 56112582175.22451 55714494290.06379 53611619184.21114 56448851892.35393 58290555988.42818 57570967791.96539 59037813125.56334 47752263797.44844 53339151370.12328 53217517993.86431 7511491615.154446 37501165734.73709 15641094452.179022 846940610.2191805 14814814.814815 24262200299.29326 51965118602.67266 50264189236.41947 51833035457.860245 46715250844.51589 55584006521.137314 58241558412.91719 57141617531.553986 59039263077.071625 56883088239.13219 57352950149.7143 59137272766.00694 53042953251.063896 55564639628.17792 55039797189.189316 51769997980.55449 56269109675.80526 57698502390.97368 56880092243.82021 58411607129.55659 57642334574.52741 58091112611.02904 58073905291.198135 51187998626.467926 54726686993.25611 51909739527.39048 42241982838.26531 24262200299.29326 14814814.814815 19564551122.938488 12499160614.120987 16593549898.293295 5564345943.858872 44225244011.87959 54114238809.95142 51747872609.60265 58073407752.83122 46008123272.67603 53004055151.38069 58533944283.19344 31578416262.4412 43051498140.73363 40522435517.834366 24828158343.018417 49707746861.982216 54873918667.4548 52007321598.33796 56070084906.04625 55587881885.14857 57488698295.29694 57446851325.651695 31819916839.07879 55514627740.578835 52441217032.0165 43386739866.220055 51965118602.67266 19564551122.938488 14814814.814815 48309423828.153755 50144674247.89698 44224397012.895164 5500836753.703784 29138861167.79121 29681343968.470573 54151430803.00544 50988779025.47378 55970937518.58657 57143129945.93176 52305486392.550735 54647065746.16022 54019147017.89609 50145322504.55403 55504971780.817116 56937014040.576996 56543025541.64348 57366877322.59748 58435059758.17456 58554452588.33871 58547334988.71948 56313808149.45075 56747452650.49742 56161442923.886765 53458495485.84326 50264189236.41947 12499160614.120987 48309423828.153755 14814814.814815 43261265161.33785 39707478729.35711 53508158438.671555 44678612258.35149 50760847117.45854 49724174694.31391 10119727301.88788 39474571132.41842 53059844622.61129 149348955.70355433 5289706812.285059 49992732360.901985 47001549282.59369 30506786954.157604 49557838204.996475 39948511463.817345 50266640832.748924 58649499051.95333 58746102181.64131 58740339048.41508 56895395255.795204 57246435727.45913 56765317473.493004 54501167566.68077 51833035457.860245 16593549898.293295 50144674247.89697 43261265161.33785 14814814.814815 19534804573.1859 54522205956.21399 57838216060.2711 56446881576.1389 52589538822.71156 52044825617.8498 45469644324.931435 54869017028.09706 48129937949.738945 13824643988.990728 3550077117.8769674 1112606574.6424913 38035580853.6448 52474411473.203156 45362626563.63033 52925062337.62923 58081930628.92552 58262685856.02777 58251947556.78945 55177483016.34436 55872401103.927246 55006670901.01267 51279142861.16649 46715250844.51589 5564345943.858872 44224397012.895164 39707478729.35711 19534804573.1859 14814814.814815 51524401140.32512 56689221817.000404 54525994396.4289 58403819373.16931 51678163658.603714 53307704666.28095 58630874024.67229 45773437633.82068 46644801094.39138 14814814.814815 14814814.814815 50331191790.97798 54792834666.09476 52166226605.14791 55705956424.863686 57482283276.54633 58006410892.23467 57986325333.5972 50192116547.53236 56554215713.05204 55763716323.73055 52687476554.84998 55584006521.137314 44225244011.87959 5500836753.703784 53508158438.671555 54522205956.21399 51524401140.32511 14814814.814815 25554382243.377766 14814814.814815 50589947515.52838 46163614816.01802 52730522997.68756 54865110335.67148 49807996123.1698 55840904367.88082 55474488522.16405 53574460295.80438 56104146476.62199 54452780859.70719 53599151904.20832 55149474622.93082 58915446596.335266 59068988894.423645 59063134347.32197 56492912940.764786 58534173480.805405 58293711594.00309 57299219600.3753 58241558412.91719 54114238809.95142 29138861167.79121 44678612258.35149 57838216060.2711 56689221817.000404 25554382243.377766 14814814.814815 2145984505.138467 19704094767.933918 9811870992.836 41769629247.99239 47133478888.49979 24868770083.68459 52322475116.40114 58134972110.80309 57451305501.79728 51202095441.51115 50543222931.39762 48631161687.397 50670012332.45083 58323399030.7179 58561468857.45061 58549651962.62138 55002825635.01514 57582639519.47513 57238959690.13995 55669858335.73367 57141617531.553986 51747872609.60265 29681343968.470573 50760847117.45854 56446881576.1389 54525994396.4289 14814814.814815 2145984505.138467 14814814.814815 40967503628.56429 33514205079.120285 48402225197.56559 51714170105.993546 39949585696.00467 53435728452.9428 56845046041.14496 55652062302.54987 52242874461.33868 51923087829.11314 50609306744.59853 52651044063.82262 59328667627.31244 59355993667.81804 59354372414.48749 58765759559.81382 59086040448.94201 59047569792.83748 58831777809.761734 59039263077.071625 58073407752.83122 54151430803.00544 49724174694.31391 52589538822.71156 58403819373.16931 50589947515.52838 19704094767.933918 40967503628.564285 14814814.814815 41376063404.11906 8627122733.800602 10203083926.251892 45556769778.57181 42051860705.21623 53846339615.515434 53481639468.39944 41949349442.60288 38474534135.74733 33090920224.152557 28445561244.950626 59124867992.70363 59170852062.34503 59168123765.397224 58214752776.508575 58743487658.543236 58679252989.331764 58323743722.888016 56883088239.13219 46008123272.67603 50988779025.47378 10119727301.88788 52044825617.8498 51678163658.603714 46163614816.01802 9811870992.836 33514205079.120285 41376063404.11906 14814814.814815 6257290984.965559 51108556195.735306 14814814.814815 40317451782.68855 53493753219.8032 53075773010.9333 40377935231.55671 36543299140.06938 30800992012.870586 41590028966.50447 59266185876.78506 59284778437.594154 59283339033.35763 58750931221.166145 58959818848.22282 58936548814.71507 58099609746.44142 57352950149.7143 53004055151.38069 55970937518.58657 39474571132.41842 45469644324.931435 53307704666.28095 52730522997.68756 41769629247.99239 48402225197.56559 8627122733.800602 6257290984.965559 14814814.814815 40239397399.59879 20793827473.84688 13020196616.67485 51178401425.56459 50179313378.76869 18132876687.62763 8132393696.119666 2809929016.2211366 22059588516.01742 59377141036.12789 59388047011.52741 59387200193.86215 59021146955.016365 59151273508.68484 59137576847.41569 59030763277.14213 59137272766.00694 58533944283.19344 57143129945.93176 53059844622.61129 54869017028.09706 58630874024.67229 54865110335.67148 47133478888.49979 51714170105.993546 10203083926.251892 51108556195.735306 40239397399.59879 14814814.814815 51705440084.00383 51342420836.932686 55187776700.01546 55048700978.1045 50161913786.7213 8095146510.11079 47479419756.20345 14814814.814815 58683614025.25251 58763646741.56604 58758174766.14887 57185651157.88396 57282012104.08821 56957666776.99996 54307056449.784035 53042953251.063896 31578416262.4412 52305486392.550735 149348955.70355433 48129937949.738945 45773437633.82068 49807996123.16981 24868770083.68459 39949585696.00467 45556769778.57181 14814814.814815 20793827473.84688 51705440084.00383 14814814.814815 24074717885.41995 51155030952.380875 49183588173.62491 39534702439.90945 41863935357.532875 37761809047.81704 44037280773.56177 58764336383.74068 58815725177.37385 58811752535.53835 57562331932.0541 57579222424.7184 57387605276.59633 56112582175.22451 55564639628.17792 43051498140.73363 54647065746.16022 5289706812.285059 13824643988.990728 46644801094.39138 55840904367.88082 52322475116.40114 53435728452.9428 42051860705.21623 40317451782.68855 13020196616.67485 51342420836.932686 24074717885.41995 14814814.814815 38414641554.748955 34928134577.13016 3346870649.1170235 41680273537.554115 18786817261.33438 45451202010.190475 58706560468.08405 58769502515.9553 58764637025.84753 57370090581.21926 57416443293.612724 57182644490.35941 55714494290.0638 55039797189.18932 40522435517.834366 54019147017.89609 49992732360.901985 3550077117.8769674 14814814.814815 55474488522.16405 58134972110.80309 56845046041.14496 53846339615.515434 53493753219.8032 51178401425.56459 55187776700.01546 51155030952.380875 38414641554.748955 14814814.814815 14814814.814815 47077293240.75914 53776311787.99559 49989789869.69773 53870840183.55868 58389808982.77105 58510095069.859955 58502104912.767685 56329899781.475204 56610674416.43755 56093784142.085625 53611619184.21114 51769997980.55449 24828158343.018417 50145322504.55403 47001549282.59369 1112606574.6424913 14814814.814815 53574460295.80438 57451305501.79728 55652062302.54987 53481639468.39944 53075773010.9333 50179313378.76869 55048700978.1045 49183588173.62491 34928134577.13016 14814814.814815 14814814.814815 45555619854.4017 53397773567.44872 48980631110.78923 53521794401.46268 58783288434.09088 58824401547.01085 58820756769.08318 57691908004.5903 57640123592.97397 57516517156.19718 56448851892.35393 56269109675.80526 49707746861.982216 55504971780.817116 30506786954.157604 38035580853.6448 50331191790.97798 56104146476.62199 51202095441.51115 52242874461.33868 41949349442.60288 40377935231.55671 18132876687.62763 50161913786.7213 39534702439.90945 3346870649.1170235 47077293240.75914 45555619854.4017 14814814.814815 41596823226.96563 14814814.814815 44248711016.270905 59290113013.9478 59300762708.7184 59299809264.83849 58862576214.57256 58993324311.88809 58981091548.19839 58290555988.42818 57698502390.97368 54873918667.4548 56937014040.576996 49557838204.99647 52474411473.203156 54792834666.09476 54452780859.70719 50543222931.39762 51923087829.11314 38474534135.74733 36543299140.06938 8132393696.119666 8095146510.11079 41863935357.532875 41680273537.554115 53776311787.99559 53397773567.44872 41596823226.96563 14814814.814815 32596944583.562492 14814814.814815 59271761337.375725 59287057536.70723 59285708834.047005 58793782592.19209 58964689568.75767 58946946144.46006 57570967791.96539 56880092243.82021 52007321598.33796 56543025541.64348 39948511463.81734 45362626563.63033 52166226605.14791 53599151904.20832 48631161687.397 50609306744.59853 33090920224.152557 30800992012.870586 2809929016.2211366 47479419756.20345 37761809047.81704 18786817261.33438 49989789869.69773 48980631110.78923 14814814.814815 32596944583.562492 14814814.814815 38694722329.03351 59378272132.54924 59388368301.41928 59387535388.53979 59033461275.935265 59151956540.861694 59139683692.63788 59037813125.56334 58411607129.55659 56070084906.04625 57366877322.59748 50266640832.748924 52925062337.62923 55705956424.863686 55149474622.93082 50670012332.45083 52651044063.82262 28445561244.950626 41590028966.50447 22059588516.01742 14814814.814815 44037280773.56177 45451202010.190475 53870840183.55868 53521794401.46268 44248711016.270905 14814814.814815 38694722329.03351 14814814.814815 
