14814814.814815 14814814.814815 14814814.814815 8350783229.082823 14814814.814815 40202221051.711914 24491907248.486633 37992050284.91428 51018220284.44688 47983413947.14162 51953232076.830444 52170746589.60139 51591373310.90238 50831811366.44631 52395922751.344 51816137113.3188 52859279492.09676 52652885137.20686 52799857590.48034 52911100788.2967 52213855217.09178 52296801999.10442 52238560123.42601 51916535299.271774 52317312041.59117 52824409278.23295 52806005712.368454 52912524487.71923 14814814.814815 14814814.814815 19211062850.322403 36118763473.76966 19211062850.322403 47131556173.310036 41864322220.73002 46259948957.40696 51599795497.61954 50832110609.47174 52086227402.49444 52278374304.59328 51793047121.87585 51510769281.23805 52594692162.2377 52089124079.97204 52889776752.246574 52704216822.172646 52819053856.53614 52922368941.97935 52297367597.60463 52349805813.46671 52303507974.13629 52043247541.96783 52358733574.40656 52835138845.17658 52821425279.13218 52922737360.51727 14814814.814815 19211062850.322403 14814814.814815 35496791268.63251 14814814.814815 14814814.814815 7404386648.004589 46096534038.77348 51580765770.538574 50776857370.895485 52078923517.31753 52272460242.28205 51782022185.18006 51488556517.341705 52588219754.3921 52076828247.400536 52888112128.81645 52701415346.916954 52817606162.73662 52921517156.23156 52291847775.87193 52345810990.15897 52298614951.52804 52035169078.706436 52355084544.5849 52834184300.36774 52820074875.30978 52921902841.525085 8350783229.082823 36118763473.76966 35496791268.63251 14814814.814815 24396917487.898888 14814814.814815 14814814.814815 14814814.814815 42362275785.50382 16298790269.814068 49579687166.87998 50210519600.17959 48305673510.66357 41033898540.26332 49142271205.89141 47865851047.227104 52235574653.67759 51640994781.79355 52273034693.14146 52548142007.74463 50650554562.052895 51064273025.87087 50864272814.31595 49737340875.73435 51220098466.12246 52395341833.962135 52325665524.65457 52565472032.947876 14814814.814815 19211062850.322403 14814814.814815 24396917487.898888 14814814.814815 14814814.814815 14814814.814815 25965086965.12495 47944025164.06743 48649323548.40607 50248459350.358376 50753627309.496574 49355959677.82866 50024986004.81996 52049832441.38511 51102624077.91637 52619113384.16885 52275660378.892204 52493958932.21622 52685514080.269424 50808538934.89011 51109598534.540695 50945860406.50579 50129265341.96988 51173744831.95169 52527682483.28637 52499029565.4447 52686299318.867035 40202221051.711914 47131556173.310036 14814814.814815 14814814.814815 14814814.814815 14814814.814815 14814814.814815 2369931983.9298577 43862900171.84422 43991200067.583405 49519918542.31055 50156033414.72425 48274915482.886154 48963633653.74067 51728366815.01872 50696957041.205795 52574922417.7116 52201809281.56141 52469600850.17501 52671163581.93266 50450469838.42525 50900697910.353966 50690663358.396484 49544929961.19684 51046826258.09716 52515305712.7764 52481063780.47486 52673815784.94968 24491907248.486633 41864322220.73002 7404386648.004589 14814814.814815 14814814.814815 14814814.814815 14814814.814815 14814814.814815 30728736672.073406 31529941262.43546 46298418353.17852 47462437703.69463 43789171124.55389 45128058279.55018 50491445369.67443 48944915148.635 52341612028.6601 51816953388.402176 51627257202.81255 52562340106.5652 47628463861.68132 49560285351.014465 49141921226.12455 46816010060.28484 49966601994.629005 51824051469.19918 51100732934.32352 52571296865.05788 37992050284.91428 46259948957.40696 46096534038.77348 14814814.814815 25965086965.12495 2369931983.9298577 14814814.814815 14814814.814815 8922122329.706505 43359833733.29097 41254082197.43836 43233184121.18356 36662172309.60318 48754904021.46647 51667267763.51552 50592829185.863235 52565977290.91531 50284787251.29683 50852594616.69324 52670786337.51614 45755240003.633415 48758096899.528534 48154668586.32022 44049897832.83221 49737610869.672035 51228272350.18713 50389164779.42443 51944849087.07641 51018220284.44688 51599795497.61954 51580765770.538574 42362275785.50382 47944025164.06743 43862900171.84422 30728736672.073406 8922122329.706505 14814814.814815 5094501590.200917 622331711.2028364 2998299057.1807194 14814814.814815 33581440180.61429 46119401015.49087 44142897589.89347 51491717941.02255 36900457637.785164 45971670815.90294 52054981921.422295 17840676237.903873 32193763883.99831 29010059736.816685 10367053490.419407 42223633858.29263 48330385743.83896 45134065944.20583 49580220658.8053 47983413947.14162 50832110609.47174 50776857370.895485 16298790269.814068 48649323548.40607 43991200067.583405 31529941262.43546 43359833733.29097 5094501590.200917 14814814.814815 38812731400.75242 41115122516.25982 33571482434.715034 14814814.814815 13521763031.929659 15628754856.526846 46166442535.24603 42137072352.99764 49203029512.86227 50492100021.40949 44816350594.70885 47762620639.14651 47039406440.44836 42167410008.61629 48958105665.804405 50430734844.288826 50015079500.474754 50841382403.06306 51953232076.830444 52086227402.49444 52078923517.31753 49579687166.87998 50248459350.358376 49519918542.31055 46298418353.17852 41254082197.43836 622331711.2028364 38812731400.75242 14814814.814815 32479774267.496857 28013728887.432415 46502343977.77892 35258113952.34812 43731190813.65536 42361495110.219406 14814814.814815 27816299099.65197 46483562385.11838 14814814.814815 14814814.814815 42571119583.78629 38681267679.85935 17010949003.06299 42159828771.69577 29564618635.641365 43392558420.281 52170746589.60139 52278374304.59328 52272460242.28205 50210519600.17959 50753627309.496574 50156033414.72425 47462437703.69463 43233184121.18356 2998299057.1807194 41115122516.25981 32479774267.496857 14814814.814815 5541372267.060926 47611170018.58335 51237570482.64725 49878483231.59784 45564717261.382744 44921401940.705505 35350535887.9948 48336317128.419464 40157538976.00704 1335034478.7826054 14814814.814815 14814814.814815 25984470760.689415 45426735839.43729 36204381089.91732 46206615866.39501 51591373310.902374 51793047121.87585 51782022185.18006 48305673510.66357 49355959677.82866 48274915482.886154 43789171124.55389 36662172309.60318 14814814.814815 33571482434.715034 28013728887.432415 5541372267.060926 14814814.814815 44258016795.00935 49970409753.19955 47870570946.33613 51919983589.24372 44732061349.71732 46605794958.67839 52163175256.47344 37383597091.098015 38140170788.01058 14814814.814815 14814814.814815 43436539680.12171 48294994542.543915 45530762848.924286 49229567947.51087 50831811366.44631 51510769281.23805 51488556517.341705 41033898540.26332 50024986004.81996 48963633653.74067 45128058279.55018 48754904021.46647 33581440180.61429 14814814.814815 46502343977.77892 47611170018.58335 44258016795.009346 14814814.814815 11265442789.867258 14814814.814815 42710689656.90025 37553037391.82611 45980178417.17915 48221350066.41116 42632314329.29484 49308363868.636 48926242450.08424 46852785901.10209 49625707950.84512 47948126063.42996 47074250104.39517 48626112004.291885 52395922751.344 52594692162.2377 52588219754.3921 49142271205.89141 52049832441.38511 51728366815.01872 50491445369.67443 51667267763.51552 46119401015.49087 13521763031.929659 35258113952.34812 51237570482.64725 49970409753.19955 11265442789.867258 14814814.814815 14814814.814815 5201072969.599863 14814814.814815 30593052633.45287 37365097715.38007 10201159524.204653 45233527604.99145 51644701272.20365 50907265140.81154 44266453766.27949 43273853861.17714 40980425393.05526 43030326864.832 51816137113.3188 52089124079.97204 52076828247.400536 47865851047.227104 51102624077.91637 50696957041.205795 48944915148.635 50592829185.863235 44142897589.89347 15628754856.526846 43731190813.65536 49878483231.59784 47870570946.33613 14814814.814815 14814814.814815 14814814.814815 29361635716.96977 20416836364.296932 40698863521.49519 44447654233.56435 29891017887.832016 46833130408.21628 50360590478.42273 49127087877.56277 45673828256.57501 45279402057.178246 43876422533.215385 45921600599.71795 52859279492.09676 52889776752.246574 52888112128.81645 52235574653.67759 52619113384.16885 52574922417.7116 52341612028.6601 52565977290.91531 51491717941.02255 46166442535.24603 42361495110.219406 45564717261.382744 51919983589.24372 42710689656.90025 5201072969.599863 29361635716.96976 14814814.814815 30136394793.69842 14814814.814815 14814814.814815 36799702868.822685 31128086547.85385 47276098474.76189 46876816558.9733 32024748650.86614 26693354942.657818 19976808587.356075 14378504157.50533 52652885137.20686 52704216822.172646 52701415346.916954 51640994781.79355 52275660378.892204 52201809281.56141 51816953388.402176 50284787251.29683 36900457637.785164 42137072352.99764 14814814.814815 44921401940.705505 44732061349.71732 37553037391.82611 14814814.814815 20416836364.296932 30136394793.69842 14814814.814815 14814814.814815 43920017960.97264 14814814.814815 28839840746.43479 46904418069.39675 46445737648.54462 29996050523.521957 24188733588.207767 17203284054.259556 32062943516.683662 52799857590.48034 52819053856.53614 52817606162.73662 52273034693.14146 52493958932.21622 52469600850.17501 51627257202.81255 50852594616.69324 45971670815.90294 49203029512.86227 27816299099.65197 35350535887.9948 46605794958.67839 45980178417.17915 30593052633.452877 40698863521.49519 14814814.814815 14814814.814815 14814814.814815 28885460235.596794 6423710678.072579 887873892.0864142 43933622605.862465 42694031677.86101 4117369159.950585 14814814.814815 14814814.814815 7711979033.40335 52911100788.2967 52922368941.97935 52921517156.23156 52548142007.74463 52685514080.269424 52671163581.93266 52562340106.5652 52670786337.51614 52054981921.422295 50492100021.40949 46483562385.11838 48336317128.419464 52163175256.47344 48221350066.41116 37365097715.38007 44447654233.56435 14814814.814815 43920017960.97264 28885460235.596794 14814814.814815 44932567119.91314 44213544054.7819 48709879474.933014 48566657883.58597 43197209816.302 14814814.814815 39760589547.36735 14814814.814815 52213855217.09178 52297367597.60463 52291847775.87193 50650554562.052895 50808538934.89011 50450469838.42525 47628463861.68132 45755240003.633415 17840676237.903873 44816350594.70885 14814814.814815 40157538976.00704 37383597091.098015 42632314329.294846 10201159524.204653 29891017887.832016 36799702868.822685 14814814.814815 6423710678.072579 44932567119.91314 14814814.814815 9853702700.058868 44393170152.12445 42124544084.90434 29961929392.745224 32390537883.64146 27238388662.155846 36175615662.56392 52296801999.10442 52349805813.46671 52345810990.15897 51064273025.87087 51109598534.540695 50900697910.353966 49560285351.014465 48758096899.528534 32193763883.99831 47762620639.14651 14814814.814815 1335034478.7826054 38140170788.01058 49308363868.636 45233527604.99145 46833130408.21628 31128086547.85385 28839840746.43479 887873892.0864142 44213544054.7819 9853702700.058868 14814814.814815 26533209930.93047 22107675617.138824 14814814.814815 30619995483.80434 4671188883.412739 36750592753.29461 52238560123.42601 52303507974.13629 52298614951.52804 50864272814.31595 50945860406.50579 50690663358.396484 49141921226.12456 48154668586.32023 29010059736.816685 47039406440.44836 42571119583.78629 14814814.814815 14814814.814815 48926242450.08424 51644701272.20365 50360590478.42273 47276098474.76189 46904418069.39675 43933622605.862465 48709879474.933014 44393170152.12445 26533209930.93047 14814814.814815 14814814.814815 39243869102.916084 47201647020.1172 42966385759.500275 47358207529.64359 51916535299.271774 52043247541.96783 52035169078.706436 49737340875.73435 50129265341.96988 49544929961.19684 46816010060.28484 44049897832.83221 10367053490.419407 42167410008.61629 38681267679.85935 14814814.814815 14814814.814815 46852785901.10209 50907265140.81154 49127087877.56277 46876816558.9733 46445737648.54462 42694031677.86101 48566657883.58597 42124544084.90434 22107675617.138824 14814814.814815 14814814.814815 37330083056.55711 46787105402.52485 41784890972.512115 46993566235.04724 52317312041.59117 52358733574.40656 52355084544.5849 51220098466.12246 51173744831.95169 51046826258.09716 49966601994.629005 49737610869.672035 42223633858.29263 48958105665.804405 17010949003.06299 25984470760.689415 43436539680.12171 49625707950.84512 44266453766.27949 45673828256.57501 32024748650.86614 29996050523.521957 4117369159.950585 43197209816.302 29961929392.745224 14814814.814815 39243869102.916084 37330083056.55711 14814814.814815 31561568657.87548 14814814.814815 36099058820.64896 52824409278.23295 52835138845.17658 52834184300.36774 52395341833.962135 52527682483.28637 52515305712.7764 51824051469.19918 51228272350.18713 48330385743.83896 50430734844.288826 42159828771.69576 45426735839.43729 48294994542.543915 47948126063.42996 43273853861.17714 45279402057.178246 26693354942.657818 24188733588.207767 14814814.814815 14814814.814815 32390537883.64146 30619995483.80434 47201647020.1172 46787105402.52485 31561568657.87548 14814814.814815 19347214862.820442 14814814.814815 52806005712.368454 52821425279.13218 52820074875.30978 52325665524.65457 52499029565.4447 52481063780.47486 51100732934.32352 50389164779.42443 45134065944.20583 50015079500.474754 29564618635.641357 36204381089.91732 45530762848.924286 47074250104.39517 40980425393.05526 43876422533.215385 19976808587.356075 17203284054.259556 14814814.814815 39760589547.36735 27238388662.155846 4671188883.412739 42966385759.500275 41784890972.512115 14814814.814815 19347214862.820442 14814814.814815 28456817553.050983 52912524487.71923 52922737360.51727 52921902841.525085 52565472032.947876 52686299318.867035 52673815784.94968 52571296865.05788 51944849087.07641 49580220658.8053 50841382403.06306 43392558420.281 46206615866.39501 49229567947.51087 48626112004.291885 43030326864.832 45921600599.71795 14378504157.50533 32062943516.683662 7711979033.40335 14814814.814815 36175615662.56392 36750592753.29461 47358207529.64359 46993566235.04724 36099058820.64896 14814814.814815 28456817553.050983 14814814.814815 
