14814814.814815 13312180704.40662 12802956153.564915 26305820515.04308 12802956153.564915 38227904532.78401 30325306563.65238 36852732210.66464 44884598654.47092 43681807282.56675 45578095703.23113 45946371391.358864 45235556500.69758 44784703962.7018 46646600642.57781 45763816780.34624 47129321986.11145 46854880065.7232 47028129512.15706 47185332484.11641 46008370528.198944 45966760618.41094 45996725617.563354 45602050313.447174 45984143244.18036 47050466178.57101 47033412993.501305 47186451924.9885 13312180704.40662 14814814.814815 26315173143.98062 35880062295.91677 26315173143.98062 40948555461.19824 37121928839.24191 40092929560.375465 45278189424.67496 44840766172.202095 45704510943.037415 46047487997.73552 45427768592.29379 45244555672.67292 46776165867.19607 46012877304.876854 47155238627.36609 46899437551.3621 47046894400.18963 47195473061.9018 46098145716.045845 46027299426.46919 46068036810.77097 45738828298.2529 46034386342.52217 47061604627.70208 47049009678.58803 47195826860.04449 12802956153.564915 26315173143.98062 14814814.814815 35644324648.73043 14814814.814815 11736479405.294939 20630892016.281013 39999032874.44426 45263133664.3759 44807016828.836105 45698429164.50729 46042625235.051445 45418530374.067535 45226975646.95649 46771264574.971725 46002252855.982574 47154013117.76278 46897327484.260635 47045840871.367516 47194906675.10573 46093505631.9121 46023857434.15241 46063993560.62686 45731921323.90724 46031229951.88681 47060905037.97917 47048041914.14292 47195275647.14094 26305820515.04308 35880062295.91677 35644324648.73043 14814814.814815 28977974768.766575 17897482433.85231 5021162811.076017 15143249001.613525 39452511225.59205 31338944743.632114 42907388447.37597 43721064408.76939 41756717840.78981 38758424186.569176 44564751456.763725 42133056090.9424 46417734085.844986 45761305914.24642 46301605459.02793 46673143237.76692 43942127084.541275 44117815838.89214 44077659788.63773 42851749402.093155 44236157869.54534 46407288032.98303 46340134894.16361 46683308779.03449 12802956153.564915 26315173143.98062 14814814.814815 28977974768.766575 14814814.814815 11736479405.294939 13455900691.434525 26808756130.592365 41191147376.764915 42623470356.98878 43167986636.59635 43918740245.80064 42248178853.71357 43441308841.33254 46061548507.76627 44735689979.373886 46745429797.4978 46312242548.35089 46570006810.08395 46826546494.9313 43938894785.82424 44085942391.00381 44084347923.574844 43102866339.74653 44144841879.14103 46600561407.98914 46574636625.67946 46827316984.74972 38227904532.78401 40948555461.19824 11736479405.294939 17897482433.85231 11736479405.294939 14814814.814815 1767158233.2927704 16042185469.534624 38971899268.38234 40853111349.11667 42537009756.84495 43401638572.91277 41321453675.81207 42767191702.57837 45860421412.76736 44370686985.735085 46706894470.6168 46246626930.8695 46543756561.71427 46812246659.98964 43529837179.805725 43828533624.17059 43780101268.51116 42463175308.27502 43958663409.94299 46585669164.48831 46553681663.170975 46814350581.24609 30325306563.65238 37121928839.24191 20630892016.281013 5021162811.076017 13455900691.434525 1767158233.2927704 14814814.814815 8119002581.50542 32332447035.70998 34546186363.183105 39588798883.4513 40889574226.797165 37434718460.93467 39689660477.28751 44865222148.57923 42502798019.08078 46452869379.66108 45820374913.825806 44715195043.98004 46680098295.4742 40075393468.102875 42008480230.72095 41810562723.49353 39419897486.32717 42322291146.7517 44951477291.38138 43910561688.12823 46687185308.364296 36852732210.66464 40092929560.375465 39999032874.44426 15143249001.613525 26808756130.592365 16042185469.534624 8119002581.50542 14814814.814815 26115565300.436455 40173256296.18094 38049297262.76124 39600814031.96332 35276618842.35681 42309009028.923615 45703499476.806366 44062427248.96085 46644262266.78478 43585340037.19574 43172711264.409904 46766180086.11663 39158467010.49801 41594526664.53314 41317587083.23995 38148096445.15446 42135186092.50449 43592005925.26637 42718562443.65626 45092868017.55461 44884598654.47092 45278189424.67496 45263133664.3759 39452511225.59205 41191147376.764915 38971899268.38234 32332447035.70998 26115565300.436455 14814814.814815 23098865434.18775 18037303119.200302 20998600164.12604 12892692624.220041 33376898718.039406 42082047214.85012 38255385372.34875 45348910285.237755 32352766681.27531 37556701971.74679 45823741123.76388 24158361117.00031 31514018564.653263 30191212043.133133 20518417794.90151 34851140689.09481 39310148964.09446 36572226326.93654 41099177042.55022 43681807282.56675 44840766172.202095 44807016828.836105 31338944743.632114 42623470356.98878 40853111349.11667 34546186363.183105 40173256296.18094 23098865434.18775 14814814.814815 36282347176.71744 38012054497.8376 33217565786.464203 13059523820.218843 29668737300.96924 23892758101.8255 42244266742.82686 39477208360.45634 42836877255.89091 44294061445.26563 38726594024.171234 40377282660.84543 40047829248.80631 36425222927.198975 41022455518.556984 43644017491.456245 43255442164.27648 44432302652.26303 45578095703.23113 45704510943.037415 45698429164.50729 42907388447.37597 43167986636.59635 42537009756.84495 39588798883.4513 38049297262.76124 18037303119.200302 36282347176.71744 14814814.814815 31423610091.27576 29518303466.14235 39367825793.22931 31545050219.170216 36310523420.517265 34253874648.339172 10830223102.514942 27885516389.69899 37938392658.33708 6479497516.10286 12259524938.511591 35007564713.63758 32590656346.330456 22642754734.53463 33809146966.656475 26705329190.96057 34044536417.609814 45946371391.358864 46047487997.73552 46042625235.051445 43721064408.76939 43918740245.80064 43401638572.91277 40889574226.797165 39600814031.96332 20998600164.12604 38012054497.8376 31423610091.27576 14814814.814815 16914798201.263836 40631425605.4979 44930415375.91481 42801422960.87136 36836602825.83562 36146907017.15854 31973855385.493813 39620915011.39623 33365550004.454082 18026010953.690273 10918620494.837238 7864260980.631223 27213662838.751255 36473356211.43335 30749596090.743904 36629532422.01557 45235556500.69758 45427768592.29379 45418530374.067535 41756717840.78981 42248178853.71357 41321453675.81207 37434718460.93467 35276618842.35682 12892692624.220041 33217565786.464203 29518303466.14235 16914798201.263836 14814814.814815 37446177389.5556 43593215480.78277 40471321306.915886 45613925680.238235 36983846152.46298 37339297981.14986 45910645363.5318 31817179762.971134 32058565668.38937 3043339353.504821 3043339353.504821 34705523025.73784 38996093490.66624 36319818632.007454 40351032597.52742 44784703962.7018 45244555672.67292 45226975646.95649 38758424186.569176 43441308841.33254 42767191702.57837 39689660477.28751 42309009028.923615 33376898718.039406 13059523820.218843 39367825793.22931 40631425605.4979 37446177389.5556 14814814.814815 20990417018.631172 4607242009.192594 37336573872.26485 33034583151.138958 38577663175.0865 41291897880.738365 35476911382.64466 41472064710.32503 41340612068.986305 39216407282.820724 41710026495.40737 40235955111.84418 39377030216.165924 41540665226.60694 46646600642.57781 46776165867.19607 46771264574.971725 44564751456.763725 46061548507.76627 45860421412.76736 44865222148.57923 45703499476.806366 42082047214.85012 29668737300.96924 31545050219.170216 44930415375.91481 43593215480.78277 20990417018.631172 14814814.814815 9503509864.485945 23567736627.044003 16588796795.280807 31393325284.205627 36053343368.48001 20441999763.521915 37528967993.18881 45154281418.78019 44339142142.99523 36514121633.31737 36351359680.38599 34718500802.02314 37514672446.28054 45763816780.34624 46012877304.876854 46002252855.982574 42133056090.9424 44735689979.373886 44370686985.735085 42502798019.08078 44062427248.96085 38255385372.34875 23892758101.8255 36310523420.517265 42801422960.87136 40471321306.915886 4607242009.192594 9503509864.485945 14814814.814815 31237067463.37315 25787420231.07233 34577599064.247406 38222943298.35304 27465668200.108925 38392083835.97368 43171914113.83767 41705136013.153564 37448930326.90526 37380289830.71949 36140870961.59569 38807255872.91544 47129321986.11145 47155238627.36609 47154013117.76278 46417734085.844986 46745429797.4978 46706894470.6168 46452869379.66108 46644262266.78478 45348910285.237755 42244266742.82686 34253874648.339172 36836602825.83562 45613925680.238235 37336573872.26485 23567736627.044003 31237067463.37315 14814814.814815 30831427480.131138 15092292727.864399 16923026178.22555 31949376984.31776 29978565362.5146 37922551965.14847 37411827427.7381 28653544589.8667 28020226431.72116 24704285154.702446 23439093701.90373 46854880065.7232 46899437551.3621 46897327484.260635 45761305914.24642 46312242548.35089 46246626930.8695 45820374913.825806 43585340037.19574 32352766681.27531 39477208360.45634 10830223102.514942 36146907017.15854 36983846152.46298 33034583151.138958 16588796795.280807 25787420231.07233 30831427480.131138 14814814.814815 13236102853.56611 37334633758.582634 4055877535.0713334 28691689300.112885 37377487041.02072 36804686097.57271 27366727553.871418 26662673799.081676 23218932325.61196 27795972642.28488 47028129512.15706 47046894400.18963 47045840871.367516 46301605459.02793 46570006810.08395 46543756561.71427 44715195043.98004 43172711264.409904 37556701971.74679 42836877255.89091 27885516389.69899 31973855385.493813 37339297981.14986 38577663175.0865 31393325284.205627 34577599064.247406 15092292727.864399 13236102853.56611 14814814.814815 30225259311.022182 17280645915.33093 17172184169.572884 35217786440.858154 34068691260.562477 16323571141.45458 14310021575.761223 10036294757.976337 17506112021.54806 47185332484.11641 47195473061.9018 47194906675.10573 46673143237.76692 46826546494.9313 46812246659.98964 46680098295.4742 46766180086.11663 45823741123.763885 44294061445.26563 37938392658.33708 39620915011.39623 45910645363.5318 41291897880.738365 36053343368.48001 38222943298.35304 16923026178.22555 37334633758.582634 30225259311.022182 14814814.814815 37561219190.01825 36547802824.23961 39963598324.56799 39760770036.64776 35518759306.66278 10075809020.693703 33688305203.957264 6360397986.164294 46008370528.198944 46098145716.045845 46093505631.9121 43942127084.541275 43938894785.82424 43529837179.805725 40075393468.102875 39158467010.49801 24158361117.00031 38726594024.171234 6479497516.10286 33365550004.454082 31817179762.971134 35476911382.64466 20441999763.521915 27465668200.108925 31949376984.31776 4055877535.0713334 17280645915.330925 37561219190.01825 14814814.814815 19021375588.695293 35700889132.611916 33823464018.452164 26012293709.01309 28098785130.839123 25058415586.262215 28782466032.842262 45966760618.41094 46027299426.46919 46023857434.15241 44117815838.89215 44085942391.00381 43828533624.17059 42008480230.72095 41594526664.53314 31514018564.653263 40377282660.84543 12259524938.511591 18026010953.690273 32058565668.38937 41472064710.32503 37528967993.18881 38392083835.97368 29978565362.5146 28691689300.112885 17172184169.572884 36547802824.23961 19021375588.6953 14814814.814815 27672513446.777622 25074539944.222427 10456331848.079472 29350269050.787548 16605140302.115047 30226539659.02803 45996725617.563354 46068036810.77097 46063993560.62686 44077659788.63773 44084347923.574844 43780101268.51116 41810562723.49353 41317587083.23995 30191212043.133133 40047829248.80631 35007564713.63758 10918620494.837238 3043339353.504821 41340612068.986305 45154281418.78019 43171914113.83767 37922551965.14847 37377487041.02072 35217786440.858154 39963598324.56799 35700889132.611916 27672513446.777615 14814814.814815 14814814.814815 31927988541.590984 37626618459.70072 34037310850.545864 37670698202.050316 45602050313.447174 45738828298.2529 45731921323.90724 42851749402.093155 43102866339.74653 42463175308.27502 39419897486.32717 38148096445.15446 20518417794.90151 36425222927.198975 32590656346.330456 7864260980.631223 3043339353.504821 39216407282.820724 44339142142.99523 41705136013.153564 37411827427.7381 36804686097.5727 34068691260.562477 39760770036.64775 33823464018.452164 25074539944.222427 14814814.814815 14814814.814815 30341931303.919827 37082389428.83109 32814964024.559788 37141592313.946236 45984143244.18036 46034386342.52217 46031229951.88681 44236157869.54535 44144841879.14103 43958663409.94299 42322291146.7517 42135186092.50449 34851140689.09481 41022455518.55699 22642754734.53463 27213662838.751255 34705523025.73784 41710026495.40737 36514121633.31737 37448930326.90526 28653544589.8667 27366727553.871418 16323571141.45458 35518759306.66278 26012293709.01309 10456331848.079472 31927988541.590984 30341931303.919827 14814814.814815 28017629727.94364 1092231175.4096742 28850445623.786713 47050466178.57101 47061604627.70208 47060905037.97917 46407288032.98303 46600561407.98914 46585669164.48831 44951477291.38138 43592005925.26637 39310148964.09446 43644017491.456245 33809146966.656475 36473356211.43335 38996093490.666245 40235955111.84418 36351359680.38599 37380289830.71949 28020226431.72116 26662673799.081676 14310021575.761223 10075809020.693707 28098785130.839123 29350269050.787548 37626618459.70072 37082389428.83109 28017629727.94364 14814814.814815 24003369479.803608 3429216640.285852 47033412993.501305 47049009678.58803 47048041914.14292 46340134894.16361 46574636625.67946 46553681663.170975 43910561688.12823 42718562443.65626 36572226326.93654 43255442164.27648 26705329190.96057 30749596090.743904 36319818632.007454 39377030216.165924 34718500802.02314 36140870961.59569 24704285154.702446 23218932325.61196 10036294757.976337 33688305203.957264 25058415586.262207 16605140302.115047 34037310850.545864 32814964024.559788 1092231175.4096742 24003369479.803608 14814814.814815 25366340376.10979 47186451924.9885 47195826860.04449 47195275647.14094 46683308779.03449 46827316984.74972 46814350581.24609 46687185308.364296 45092868017.55461 41099177042.55022 44432302652.26303 34044536417.609814 36629532422.01557 40351032597.52742 41540665226.60694 37514672446.28054 38807255872.91544 23439093701.90373 27795972642.28488 17506112021.54806 6360397986.164294 28782466032.842262 30226539659.02803 37670698202.050316 37141592313.946236 28850445623.786713 3429216640.285852 25366340376.10979 14814814.814815 
