0 24777792746.02614 24805365514.11198 24884652777.68709 24726164999.136112 24748210327.93041 24851820301.89697 24881107516.492783 24751066209.17483 24833773594.138065 24893434255.019672 24764743438.354965 24760264075.04232 24745721441.354717 24777792746.02614 0 24766302735.742985 24806919125.307697 24725730784.777134 24737023918.403103 24790100073.07994 24805115057.99112 24738486897.196213 24780855308.162537 24811417601.963486 24745493314.664764 24743210735.99818 24735748939.520214 24805365514.11198 24766302735.742985 0 24849783690.18291 24725994949.02039 24743192425.378223 24824134377.030155 24846994631.615265 24745448235.971638 24810035968.44095 24856643936.223663 24756108384.850163 24752589683.52418 24741248062.985645 24884652777.68709 24806919125.307697 24849783690.18291 0 24726658743.069725 24760930362.928734 24922002201.526226 24967493361.07554 24765370109.65624 24893971723.142616 24986695161.90616 24786583127.01698 24779630599.53599 24757061145.309425 24726164999.136112 24725730784.777134 24725994949.02039 24726658743.069725 0 24725473894.99561 24726373630.219746 24726627740.42914 24725498695.088238 24726216915.011463 24726735000.250126 24725617466.32609 24725578353.11642 24725452281.835842 24748210327.93041 24737023918.403103 24743192425.378223 24760930362.928734 24725473894.99561 0 24753585168.014267 24760156420.262775 24731044728.04852 24749547806.138153 24762894931.88348 24734104561.697983 24733096911.047413 24729849010.684338 24851820301.89697 24790100073.07994 24824134377.030155 24922002201.526226 24726373630.219746 24753585168.014267 0 24917595414.80581 24757110310.28565 24859199743.96175 24932841572.73983 24773992727.519356 24768433085.833687 24750513023.71773 24881107516.492783 24805115057.99112 24846994631.615265 24967493361.07554 24726627740.42914 24760156420.262775 24917595414.80581 0 24764471954.44778 24890168495.80477 24980864203.72949 24785258253.084282 24778413002.73947 24756349114.756462 24751066209.17483 24738486897.196213 24745448235.971638 24765370109.65624 24725498695.088238 24731044728.04852 24757110310.28565 24764471954.44778 0 24752570226.670235 24767579301.59803 24735204029.831047 24734070909.157425 24730418588.737465 24833773594.138065 24780855308.162537 24810035968.44095 24893971723.142616 24726216915.011463 24749547806.138153 24859199743.96175 24890168495.80477 24752570226.670235 0 24903240393.965946 24767045036.635376 24762278257.343033 24746913781.385517 24893434255.019672 24811417601.963486 24856643936.223663 24986695161.90616 24726735000.250126 24762894931.88348 24932841572.73983 24980864203.72949 24767579301.59803 24903240393.965946 0 24790013427.062984 24782625521.80097 24758812526.52405 24764743438.354965 24745493314.664764 24756108384.850163 24786583127.01698 24725617466.32609 24734104561.697983 24773992727.519356 24785258253.084282 24735204029.831047 24767045036.635376 24790013427.062984 0 24738760266.027306 24733146380.582394 24760264075.04232 24743210735.99818 24752589683.52418 24779630599.53599 24725578353.11642 24733096911.047413 24768433085.833687 24778413002.73947 24734070909.157425 24762278257.343033 24782625521.80097 24738760266.027306 0 24732248076.44496 24745721441.354717 24735748939.520214 24741248062.985645 24757061145.309425 24725452281.835842 24729849010.684338 24750513023.71773 24756349114.756462 24730418588.737465 24746913781.385517 24758812526.52405 24733146380.582394 24732248076.44496 0 
