70932.74591414099 861243.680503897 501710.83657699404 646305.427010764 552281.132929199 159663.734041759 1058747.736122502 1456267.324710632 1119954.035723827 480496.75414294703 61736.91473651499 315275.087946703 989482.410224559 935321.3353672279 899311.8798243171 1142261.305121122 478030.570511067 1052906.207441219 1413219.3660814788 1041148.3175198749 1237007.727091767 1301655.596825334 631033.8401309259 1435607.886548826 1083743.385332256 1070905.745132483 1505583.724534321 238782.49114876203 680567.8470080241 1023865.0379915249 233357.834931042 786949.880797094 950120.0391721679 1081370.431672433 957750.7613191601 491593.2827714769 565091.16132556 1129297.670886847 346844.324197902 1277433.408044289 861243.680503897 10456957.04640729 6091619.348351148 7847242.588946815 6705628.401479634 1938588.1679466371 12854990.811818063 17681551.931592524 13598138.959536394 5834044.455421912 749590.7142096271 3827973.577155359 12013992.434568522 11356385.248366598 10919169.465655226 13868986.993827542 5804100.80893613 12784064.759310147 17158876.799674936 12641304.060280168 15019369.037000421 15804303.675417881 7661819.657379398 17430711.359578677 13158480.33058066 13002609.634301404 18280336.55702866 2899223.8897077586 8263246.4010243565 12431455.772576908 2833359.3750014943 9554904.479944475 11536066.578440586 13129668.653867561 11628716.470138464 5968775.10815062 6861163.843696909 13711586.516562104 4211277.576870668 15510205.276338583 501710.83657699404 6091619.348351148 3548625.677673147 4571350.400875665 3906311.8966660164 1129309.524744163 7488575.347935605 10300251.15120564 7921490.546424216 3398577.4184660106 436668.26570666104 2229956.363413401 6998658.255989115 6615574.28219975 6360877.613795234 8079270.971344073 3381133.979090343 7447257.925300896 9995770.800721165 7364093.785624723 8749417.121996503 9206674.717045877 4463333.708012596 10154125.91849695 7665370.81685753 7574569.54980806 10649068.497744817 1688920.4252601818 4813690.200053671 7241848.290695514 1650551.5622751042 5566135.611284196 6720246.249575978 7648586.797706926 6774218.726500645 3477063.7168543315 3996917.8640578995 7987578.5422277795 2453247.140128256 9035349.972170305 646305.427010764 7847242.588946815 4571350.400875665 5888827.502732982 5032122.877067884 1454779.96767385 9646805.560292216 13268814.889503507 10204488.236886531 4378057.776580898 562517.3892098761 2872636.5758896526 9015692.871017553 8522202.929779416 8194101.9061808605 10407741.460591055 4355587.084875004 9593580.330673698 12876582.375095667 9486448.032770574 11271025.771952689 11860066.397900876 5749680.070157164 13080575.919886706 9874554.021566717 9757583.552931998 13718162.457201835 2175672.433313029 6201010.369776575 9328971.014057146 2126245.547211312 7170312.839154281 8657041.676800918 9852932.797002187 8726569.185880885 4479164.065096501 5148841.760089155 10289622.994268939 3160280.4342062613 11639365.339997126 552281.132929199 6705628.401479634 3906311.8966660164 5032122.877067884 4300051.349467784 1243139.071917827 8243391.562758984 11338472.204536764 8719942.752912253 3741139.4177250443 480682.550419047 2454726.382174984 7704092.933238426 7282395.7410970675 7002026.743011549 8893626.766642774 3721937.7546190536 8197909.521473816 11003301.543150345 8106362.79389503 9631320.769498276 10134667.965180375 4913218.565738494 11177618.176307071 8438007.255214665 8338053.610641964 11722448.840653235 1859156.3464203023 5298889.486609365 7971795.4783958895 1816920.066926762 6127178.161849087 7397618.192983655 8419531.479058731 7457030.863649329 3827536.7977159945 4399790.009016662 8792692.134696458 2700523.9096473567 9946074.422245871 159663.734041759 1938588.1679466371 1129309.524744163 1454779.96767385 1243139.071917827 359389.83666322695 2383153.43328442 3277937.091392755 2520923.742544051 1081558.3828415289 138964.679965737 709658.101391488 2227242.923547897 2105330.8314669863 2024276.5305415571 2571135.5577268256 1076007.207817581 2370004.636212689 3181039.7031832924 2343538.6001795405 2784401.903530497 2929918.902012418 1420404.890908466 3231434.4077928364 2439416.568683941 2410520.1042349082 3388944.2213701764 537479.6036622049 1531901.836333652 2304635.369937701 525269.1519667009 1771358.980291944 2138641.48761069 2434075.2466026847 2155817.6109331767 1106535.749400507 1271973.3844851102 2541955.491145147 780717.8365780279 2875396.761954182 1058747.736122502 12854990.811818063 7488575.347935605 9646805.560292216 8243391.562758984 2383153.43328442 15802951.85669738 21736360.45463133 16716521.89130137 7171932.2875055205 921490.0377829841 4705820.722398503 14769092.162685242 13960679.705897372 13423199.744509611 17049481.946196873 7135121.836937656 15715760.740843937 21093823.243418925 15540261.552487832 18463674.481313832 19428613.66199077 9418860.655190164 21427996.05816696 16176038.879801935 15984423.253993278 22472460.911397003 3564086.215348986 10158209.131924503 15282289.964928523 3483117.3706251965 11746075.722830452 14181566.321086252 16140619.987118691 14295463.079120785 7337559.945265944 8434595.052621463 16855985.723534454 5177025.6219315175 19067071.36998779 1456267.324710632 17681551.931592524 10300251.15120564 13268814.889503507 11338472.204536764 3277937.091392755 21736360.45463133 29897538.769848585 22992941.36133621 9864720.64023664 1267474.570462228 6472677.787319682 20314325.687181298 19202385.037352126 18463101.751304876 23450915.278856896 9814089.262675278 21616432.384241823 29013753.224269815 21375039.911987547 25396083.433154825 26723320.650491633 12955285.324519416 29473395.24693557 22249527.493845526 21985967.47359833 30910017.00835543 4902265.309083759 13972231.091209788 21020209.784990344 4790895.736457648 16156281.31719152 19506206.192468412 22200810.15133584 19662866.86002613 10092535.196845006 11601465.347433224 23184768.56901816 7120802.241353074 26226032.950710416 1119954.035723827 13598138.959536394 7921490.546424216 10204488.236886531 8719942.752912253 2520923.742544051 16716521.89130137 22992941.36133621 17682905.489832826 7586542.322864016 974761.4577897381 4977864.631611564 15622894.6775879 14767747.825680744 14199196.100525264 18035113.994741403 7547603.856916239 16624290.249383572 22313259.017517902 16438645.437536785 19531061.124503665 20551783.523953628 9963365.816803087 22666750.392032586 17111177.10797499 16908484.16601122 23771595.850149658 3770126.352445781 10745456.093904825 16165760.489846379 3684476.6916980655 12425117.391872775 15001403.915491302 17073710.645995352 15121885.055109885 7761744.9300644975 8922199.733314605 17830431.738454606 5476309.9277663985 20169340.440300383 480496.75414294703 5834044.455421912 3398577.4184660106 4378057.776580898 3741139.4177250443 1081558.3828415289 7171932.2875055205 9864720.64023664 7586542.322864016 3254873.722516912 418204.409816612 2135666.037853492 6702730.597373569 6335844.748891953 6091917.5431446005 7737651.241615964 3238167.852541526 7132361.909474662 9573114.779964084 7052714.2394180875 8379461.277824874 8817384.428393934 4274608.405887477 9724774.091555439 7341252.227939233 7254290.354867068 10198788.773873832 1617506.9844613667 4610150.604591434 6935637.709991624 1580760.490703591 5330780.001860866 6436090.820747163 7325177.895603977 6487781.153274748 3330041.3467157083 3827914.2490896853 7649835.887914509 2349515.302448916 8653303.890730584 61736.91473651499 749590.7142096271 436668.26570666104 562517.3892098761 480682.550419047 138964.679965737 921490.0377829841 1267474.570462228 974761.4577897381 418204.409816612 53733.245372977995 274402.336639732 861204.3761460539 814064.8270222631 782723.693136767 994176.7781898848 416057.94605514605 916405.8139385579 1230007.415945386 906172.2350998931 1076640.127090429 1132906.946740546 549225.6345352011 1249493.4539008648 943245.2122677589 932071.863651159 1310397.515736506 207826.35870980402 592337.975947035 891129.586731245 203104.963336309 684928.4779062079 826945.003917183 941179.892000199 833586.467411873 427862.367266054 491831.866869248 982893.7696007969 301878.888148062 1111824.9600750753 315275.087946703 3827973.577155359 2229956.363413401 2872636.5758896526 2454726.382174984 709658.101391488 4705820.722398503 6472677.787319682 4977864.631611564 2135666.037853492 274402.336639732 1401304.570953945 4397956.823536277 4157226.8557495833 3997175.4702167874 5077013.850078251 2124704.5806109533 4679856.854159651 6281342.33614231 4627596.5090785995 5498133.688799664 5785474.3599262005 2804758.886473054 6380852.691597646 4816918.99444945 4759859.478553779 6691874.606662447 1061317.58931456 3024922.9048438175 4550777.440493502 1037206.5959492031 3497759.5986240804 4223002.719681976 4806371.916874031 4256919.023992286 2184986.8274856517 2511663.1717665074 5019394.327942913 1541620.494259021 5677813.890846809 989482.410224559 12013992.434568522 6998658.255989115 9015692.871017553 7704092.933238426 2227242.923547897 14769092.162685242 20314325.687181298 15622894.6775879 6702730.597373569 861204.3761460539 4397956.823536277 13802869.570690209 13047345.021350855 12545028.039225256 15934071.841312561 6668328.357721342 14687605.258372415 19713824.503832504 14523587.566563195 17255745.16388692 18157556.15591142 8802660.562750412 20026135.08631308 15117771.11070075 14938691.349967364 21002269.027485754 3330916.7975435415 9493639.431271272 14282492.97951597 3255245.0913410713 10977624.71679247 13253780.80669089 15084669.390523244 13360226.21838973 6857522.573223112 7882787.520756848 15753234.516011113 4838334.58661619 17819666.660346232 935321.3353672279 11356385.248366598 6615574.28219975 8522202.929779416 7282395.7410970675 2105330.8314669863 13960679.705897372 19202385.037352126 14767747.825680744 6335844.748891953 814064.8270222631 4157226.8557495833 13047345.021350855 12333175.44836124 11858353.677256966 15061892.155386094 6303325.576849426 13883653.131832743 18634753.351436738 13728613.239317587 16311221.344278842 17163670.11203185 8320831.322779788 18929969.06021195 14290273.093210135 14120995.580830324 19852672.57865822 3148593.15828415 8973988.23728097 13500715.392143484 3077063.477146362 10376744.955921378 12528311.604817024 14258983.254402032 12628930.538094755 6482163.911374961 7451309.163401052 14890953.281852398 4573499.760829786 16844275.59735132 899311.8798243171 10919169.465655226 6360877.613795234 8194101.9061808605 7002026.743011549 2024276.5305415571 13423199.744509611 18463101.751304876 14199196.100525264 6091917.5431446005 782723.693136767 3997175.4702167874 12545028.039225256 11858353.677256966 11401812.333221823 14482016.004321342 6060650.344766825 13349138.659298403 17917323.63291309 13200067.733710226 15683246.574926686 16502876.444142584 8000483.016515548 18201173.668161213 13740103.932956815 13577343.529538339 19088353.511405814 3027373.7216384197 8628493.680219363 12980943.852322886 2958597.9014204415 9977244.888895037 12045977.178451924 13710018.73903053 12142722.327536313 6232603.482929403 7164437.073660229 14317658.201414729 4397422.0535374 16195778.476265961 1142261.305121122 13868986.993827542 8079270.971344073 10407741.460591055 8893626.766642774 2571135.5577268256 17049481.946196873 23450915.278856896 18035113.994741403 7737651.241615964 994176.7781898848 5077013.850078251 15934071.841312561 15061892.155386094 14482016.004321342 18394337.79648574 7697937.198437241 16955413.23238363 22757695.006994653 16766070.743044754 19920081.234456446 20961134.405364968 10161816.358780542 23118227.230570454 17451997.914255433 17245267.729764663 24245079.025099955 3845219.813001505 10959484.327419449 16487750.46689583 3757864.1804057113 12672601.156484948 15300202.212391252 17413785.194452632 15423083.098028902 7916343.538244108 9099912.306080054 18185578.674465004 5585387.190729978 20571073.81186394 478030.570511067 5804100.80893613 3381133.979090343 4355587.084875004 3721937.7546190536 1076007.207817581 7135121.836937656 9814089.262675278 7547603.856916239 3238167.852541526 416057.94605514605 2124704.5806109533 6668328.357721342 6303325.576849426 6060650.344766825 7697937.198437241 3221547.72662733 7095754.556675443 9523980.090139663 7016515.683928149 8336453.099165676 8772128.578139368 4252668.675405635 9674860.999569828 7303572.730781466 7217057.195683738 10146442.76794921 1609205.0152698262 4586488.680002944 6900040.05808336 1572647.125494601 5303419.395837228 6403057.128638813 7287580.90109572 6454482.156872649 3312949.673583801 3808267.2080140724 7610572.563260021 2337456.248705491 8608890.195460012 1052906.207441219 12784064.759310147 7447257.925300896 9593580.330673698 8197909.521473816 2370004.636212689 15715760.740843937 21616432.384241823 16624290.249383572 7132361.909474662 916405.8139385579 4679856.854159651 14687605.258372415 13883653.131832743 13349138.659298403 16955413.23238363 7095754.556675443 15629050.692752559 20977440.30414992 15454519.802610796 18361803.109725855 19321418.340506796 9366893.087482482 21309769.35572826 16086789.295749005 15896230.888894174 22348471.484573103 3544421.7465249263 10102162.287175696 15197971.546007741 3463899.6388401934 11681267.992068518 14103321.028479028 16051565.82306093 14216589.373194635 7297075.734146984 8388058.066298979 16762984.604669321 5148461.930485051 18961870.819870193 1413219.3660814788 17158876.799674936 9995770.800721165 12876582.375095667 11003301.543150345 3181039.7031832924 21093823.243418925 29013753.224269815 22313259.017517902 9573114.779964084 1230007.415945386 6281342.33614231 19713824.503832504 18634753.351436738 17917323.63291309 22757695.006994653 9523980.090139663 20977440.30414992 28156092.802119642 20743183.50882986 24645363.06030694 25933366.51070172 12572320.894008968 28602147.586755555 21591820.81951389 21336051.759521987 29996302.12179332 4757352.001867653 13559205.257446144 20398842.330096595 4649274.567074758 15678693.914149562 18929593.40789471 21544543.584949564 19081623.111190975 9794195.02931884 11258520.482957132 22499415.721192714 6910307.92132632 25450778.873171248 1041148.3175198749 12641304.060280168 7364093.785624723 9486448.032770574 8106362.79389503 2343538.6001795405 15540261.552487832 21375039.911987547 16438645.437536785 7052714.2394180875 906172.2350998931 4627596.5090785995 14523587.566563195 13728613.239317587 13200067.733710226 16766070.743044754 7016515.683928149 15454519.802610796 20743183.50882986 15281937.913224902 18156755.34935009 19105654.47819277 9262292.224604797 21071801.414649438 15907146.801108431 15718716.375602324 22098904.27168287 3504840.898358269 9989350.612877725 15028254.552031647 3425217.987650153 11550822.314930521 13945828.086556658 15872316.671827003 14057831.554382633 7215588.691309308 8294387.9343343545 16575790.98158879 5090968.634106839 18750122.054189898 1237007.727091767 15019369.037000421 8749417.121996503 11271025.771952689 9631320.769498276 2784401.903530497 18463674.481313832 25396083.433154825 19531061.124503665 8379461.277824874 1076640.127090429 5498133.688799664 17255745.16388692 16311221.344278842 15683246.574926686 19920081.234456446 8336453.099165676 18361803.109725855 24645363.06030694 18156755.34935009 21572379.54296755 22699784.289108954 11004702.077136487 25035800.120924648 18899577.685365263 18675699.98374683 26256120.17455057 4164166.8151796893 11868533.703434367 17855349.418273725 4069565.3504872224 13723747.344537497 16569298.354011565 18858195.359397165 16702371.762315053 8572975.450728899 9854716.944372771 19694006.302317195 6048674.749600948 22277369.587646574 1301655.596825334 15804303.675417881 9206674.717045877 11860066.397900876 10134667.965180375 2929918.902012418 19428613.66199077 26723320.650491633 20551783.523953628 8817384.428393934 1132906.946740546 5785474.3599262005 18157556.15591142 17163670.11203185 16502876.444142584 20961134.405364968 8772128.578139368 19321418.340506796 25933366.51070172 19105654.47819277 22699784.289108954 23886108.889645208 11579824.22937399 26344208.394734167 19887297.817959305 19651719.933574423 27628304.195376266 4381792.386888513 12488800.98550864 18788496.623387553 4282246.908482875 14440970.859924829 17435234.61140674 19843752.789883647 17575262.63460599 9021011.940744033 10369739.157515123 20723244.45991345 6364787.518105838 23441618.165539153 631033.8401309259 7661819.657379398 4463333.708012596 5749680.070157164 4913218.565738494 1420404.890908466 9418860.655190164 12955285.324519416 9963365.816803087 4274608.405887477 549225.6345352011 2804758.886473054 8802660.562750412 8320831.322779788 8000483.016515548 10161816.358780542 4252668.675405635 9366893.087482482 12572320.894008968 9262292.224604797 11004702.077136487 11579824.22937399 5613820.5600045165 12771494.26398481 9641227.635406727 9527021.068480821 13394015.23354963 2124263.348383814 6054486.350872981 9108536.239124808 2076004.372922726 7000885.1182929175 8452483.957548711 9620117.299959922 8520368.597249778 4373325.648288605 5027179.491781404 10046488.920268442 3085605.9920638623 11364338.129041983 1435607.886548826 17430711.359578677 10154125.91849695 13080575.919886706 11177618.176307071 3231434.4077928364 21427996.05816696 29473395.24693557 22666750.392032586 9724774.091555439 1249493.4539008648 6380852.691597646 20026135.08631308 18929969.06021195 18201173.668161213 23118227.230570454 9674860.999569828 21309769.35572826 28602147.586755555 21071801.414649438 25035800.120924648 26344208.394734167 12771494.26398481 29055268.865748297 21933883.0173207 21674062.009717558 30471509.89216275 4832718.979720153 13774013.058494765 20722005.110043395 4722929.359318291 15927079.103330418 19229480.035281025 21885856.80679475 19383918.225331426 9949356.741037449 11436880.348604623 22855856.229628418 7019782.482774807 25853975.50165493 1083743.385332256 13158480.33058066 7665370.81685753 9874554.021566717 8438007.255214665 2439416.568683941 16176038.879801935 22249527.493845526 17111177.10797499 7341252.227939233 943245.2122677589 4816918.99444945 15117771.11070075 14290273.093210135 13740103.932956815 17451997.914255433 7303572.730781466 16086789.295749005 21591820.81951389 15907146.801108431 18899577.685365263 19887297.817959305 9641227.635406727 21933883.0173207 16557933.999524837 16361794.579423735 23003006.31957739 3648229.629075136 10398031.162610305 15643084.841793213 3565349.215834518 12023385.206800956 14516374.552464336 16521678.913113195 14632960.263979316 7510790.138058707 8633724.809378983 17253933.498868663 5299248.425325295 19517219.98533879 1070905.745132483 13002609.634301404 7574569.54980806 9757583.552931998 8338053.610641964 2410520.1042349082 15984423.253993278 21985967.47359833 16908484.16601122 7254290.354867068 932071.863651159 4759859.478553779 14938691.349967364 14120995.580830324 13577343.529538339 17245267.729764663 7217057.195683738 15896230.888894174 21336051.759521987 15718716.375602324 18675699.98374683 19651719.933574423 9527021.068480821 21674062.009717558 16361794.579423735 16167978.557405904 22730520.85609906 3605013.993364606 10274859.7692175 15457782.400706675 3523115.352136802 11880960.445222493 14344418.722300226 16325968.95792146 14459623.400779968 7421819.978966263 8531452.763997432 17049549.515273355 5236475.405868589 19286025.91184991 1505583.724534321 18280336.55702866 10649068.497744817 13718162.457201835 11722448.840653235 3388944.2213701764 22472460.911397003 30910017.00835543 23771595.850149658 10198788.773873832 1310397.515736506 6691874.606662447 21002269.027485754 19852672.57865822 19088353.511405814 24245079.025099955 10146442.76794921 22348471.484573103 29996302.12179332 22098904.27168287 26256120.17455057 27628304.195376266 13394015.23354963 30471509.89216275 23003006.31957739 22730520.85609906 31956782.75766178 5068280.210278231 14445399.803595748 21732057.84512613 4953139.114197172 16703412.750811327 20166782.6177633 22952639.167379063 20328748.588809468 10434318.255873103 11994348.229515593 23969919.273952495 7361947.753884414 27114175.879443277 238782.49114876203 2899223.8897077586 1688920.4252601818 2175672.433313029 1859156.3464203023 537479.6036622049 3564086.215348986 4902265.309083759 3770126.352445781 1617506.9844613667 207826.35870980402 1061317.58931456 3330916.7975435415 3148593.15828415 3027373.7216384197 3845219.813001505 1609205.0152698262 3544421.7465249263 4757352.001867653 3504840.898358269 4164166.8151796893 4381792.386888513 2124263.348383814 4832718.979720153 3648229.629075136 3605013.993364606 5068280.210278231 803818.847619736 2291010.7850756077 3446659.8074134053 785557.7059058549 2649127.0079041068 3198410.3663278557 3640241.5020264694 3224097.8371855104 1654861.4772964693 1902279.0318986278 3801580.04075092 1167589.81631744 4300252.690325596 680567.8470080241 8263246.4010243565 4813690.200053671 6201010.369776575 5298889.486609365 1531901.836333652 10158209.131924503 13972231.091209788 10745456.093904825 4610150.604591434 592337.975947035 3024922.9048438175 9493639.431271272 8973988.23728097 8628493.680219363 10959484.327419449 4586488.680002944 10102162.287175696 13559205.257446144 9989350.612877725 11868533.703434367 12488800.98550864 6054486.350872981 13774013.058494765 10398031.162610305 10274859.7692175 14445399.803595748 2291010.7850756077 6529742.905227048 9823525.3062967 2238963.6444316907 7550430.752047433 9115975.15541365 10375263.737741828 9189188.508086914 4716616.814247584 5421795.957146623 10835104.077839097 3327815.551537242 12256399.960339082 1023865.0379915249 12431455.772576908 7241848.290695514 9328971.014057146 7971795.4783958895 2304635.369937701 15282289.964928523 21020209.784990344 16165760.489846379 6935637.709991624 891129.586731245 4550777.440493502 14282492.97951597 13500715.392143484 12980943.852322886 16487750.46689583 6900040.05808336 15197971.546007741 20398842.330096595 15028254.552031647 17855349.418273725 18788496.623387553 9108536.239124808 20722005.110043395 15643084.841793213 15457782.400706675 21732057.84512613 3446659.8074134053 9823525.3062967 14778782.387619307 3368358.653653336 11359076.251961516 13714324.427550206 15608832.899932582 13824468.614416877 7095808.411962977 8156699.3622323945 16300629.389222467 5006457.491464909 18438866.111880757 233357.834931042 2833359.3750014943 1650551.5622751042 2126245.547211312 1816920.066926762 525269.1519667009 3483117.3706251965 4790895.736457648 3684476.6916980655 1580760.490703591 203104.963336309 1037206.5959492031 3255245.0913410713 3077063.477146362 2958597.9014204415 3757864.1804057113 1572647.125494601 3463899.6388401934 4649274.567074758 3425217.987650153 4069565.3504872224 4282246.908482875 2076004.372922726 4722929.359318291 3565349.215834518 3523115.352136802 4953139.114197172 785557.7059058549 2238963.6444316907 3368358.653653336 767711.420471696 2588944.189533204 3125748.938779083 3557542.562908405 3150852.842148874 1617266.364861323 1859063.092033929 3715215.815694013 1141064.5324644991 4202559.629238426 786949.880797094 9554904.479944475 5566135.611284196 7170312.839154281 6127178.161849087 1771358.980291944 11746075.722830452 16156281.31719152 12425117.391872775 5330780.001860866 684928.4779062079 3497759.5986240804 10977624.71679247 10376744.955921378 9977244.888895037 12672601.156484948 5303419.395837228 11681267.992068518 15678693.914149562 11550822.314930521 13723747.344537497 14440970.859924829 7000885.1182929175 15927079.103330418 12023385.206800956 11880960.445222493 16703412.750811327 2649127.0079041068 7550430.752047433 11359076.251961516 2588944.189533204 8730666.026043374 10540926.36529957 11997058.92299975 10625583.963233814 5453888.331715358 6269296.589517543 12528778.57801451 3847998.4958297224 14172242.38581555 950120.0391721679 11536066.578440586 6720246.249575978 8657041.676800918 7397618.192983655 2138641.48761069 14181566.321086252 19506206.192468412 15001403.915491302 6436090.820747163 826945.003917183 4223002.719681976 13253780.80669089 12528311.604817024 12045977.178451924 15300202.212391252 6403057.128638813 14103321.028479028 18929593.40789471 13945828.086556658 16569298.354011565 17435234.61140674 8452483.957548711 19229480.035281025 14516374.552464336 14344418.722300226 20166782.6177633 3198410.3663278557 9115975.15541365 13714324.427550206 3125748.938779083 10540926.36529957 12726535.215895971 14484589.644166082 12828746.14727579 6584725.05278402 7569204.172419434 15126558.734928917 4645861.916757628 17110786.619764924 1081370.431672433 13129668.653867561 7648586.797706926 9852932.797002187 8419531.479058731 2434075.2466026847 16140619.987118691 22200810.15133584 17073710.645995352 7325177.895603977 941179.892000199 4806371.916874031 15084669.390523244 14258983.254402032 13710018.73903053 17413785.194452632 7287580.90109572 16051565.82306093 21544543.584949564 15872316.671827003 18858195.359397165 19843752.789883647 9620117.299959922 21885856.80679475 16521678.913113195 16325968.95792146 22952639.167379063 3640241.5020264694 10375263.737741828 15608832.899932582 3557542.562908405 11997058.92299975 14484589.644166082 16485503.21047556 14600920.080775058 7494344.587213846 8614820.492027108 17216154.458925627 5287645.244059899 19474485.275978073 957750.7613191601 11628716.470138464 6774218.726500645 8726569.185880885 7457030.863649329 2155817.6109331767 14295463.079120785 19662866.86002613 15121885.055109885 6487781.153274748 833586.467411873 4256919.023992286 13360226.21838973 12628930.538094755 12142722.327536313 15423083.098028902 6454482.156872649 14216589.373194635 19081623.111190975 14057831.554382633 16702371.762315053 17575262.63460599 8520368.597249778 19383918.225331426 14632960.263979316 14459623.400779968 20328748.588809468 3224097.8371855104 9189188.508086914 13824468.614416877 3150852.842148874 10625583.963233814 12828746.14727579 14600920.080775058 12931777.967791285 6637609.115029369 7629994.90572921 15248045.033488596 4683174.340407761 17248208.895928748 491593.2827714769 5968775.10815062 3477063.7168543315 4479164.065096501 3827536.7977159945 1106535.749400507 7337559.945265944 10092535.196845006 7761744.9300644975 3330041.3467157083 427862.367266054 2184986.8274856517 6857522.573223112 6482163.911374961 6232603.482929403 7916343.538244108 3312949.673583801 7297075.734146984 9794195.02931884 7215588.691309308 8572975.450728899 9021011.940744033 4373325.648288605 9949356.741037449 7510790.138058707 7421819.978966263 10434318.255873103 1654861.4772964693 4716616.814247584 7095808.411962977 1617266.364861323 5453888.331715358 6584725.05278402 7494344.587213846 6637609.115029369 3406944.8821078027 3916315.59558441 7826500.18835335 2403774.698775737 8853142.148797762 565091.16132556 6861163.843696909 3996917.8640578995 5148841.760089155 4399790.009016662 1271973.3844851102 8434595.052621463 11601465.347433224 8922199.733314605 3827914.2490896853 491831.866869248 2511663.1717665074 7882787.520756848 7451309.163401052 7164437.073660229 9099912.306080054 3808267.2080140724 8388058.066298979 11258520.482957132 8294387.9343343545 9854716.944372771 10369739.157515123 5027179.491781404 11436880.348604623 8633724.809378983 8531452.763997432 11994348.229515593 1902279.0318986278 5421795.957146623 8156699.3622323945 1859063.092033929 6269296.589517543 7569204.172419434 8614820.492027108 7629994.90572921 3916315.59558441 4501842.082848333 8996636.519558076 2763161.913926365 10176771.232592326 1129297.670886847 13711586.516562104 7987578.5422277795 10289622.994268939 8792692.134696458 2541955.491145147 16855985.723534454 23184768.56901816 17830431.738454606 7649835.887914509 982893.7696007969 5019394.327942913 15753234.516011113 14890953.281852398 14317658.201414729 18185578.674465004 7610572.563260021 16762984.604669321 22499415.721192714 16575790.98158879 19694006.302317195 20723244.45991345 10046488.920268442 22855856.229628418 17253933.498868663 17049549.515273355 23969919.273952495 3801580.04075092 10835104.077839097 16300629.389222467 3715215.815694013 12528778.57801451 15126558.734928917 17216154.458925627 15248045.033488596 7826500.18835335 8996636.519558076 17979188.779948346 5521998.090291393 20337610.701884035 346844.324197902 4211277.576870668 2453247.140128256 3160280.4342062613 2700523.9096473567 780717.8365780279 5177025.6219315175 7120802.241353074 5476309.9277663985 2349515.302448916 301878.888148062 1541620.494259021 4838334.58661619 4573499.760829786 4397422.0535374 5585387.190729978 2337456.248705491 5148461.930485051 6910307.92132632 5090968.634106839 6048674.749600948 6364787.518105838 3085605.9920638623 7019782.482774807 5299248.425325295 5236475.405868589 7361947.753884414 1167589.81631744 3327815.551537242 5006457.491464909 1141064.5324644991 3847998.4958297224 4645861.916757628 5287645.244059899 4683174.340407761 2403774.698775737 2763161.913926365 5521998.090291393 1695986.5810624969 6246346.752982705 1277433.408044289 15510205.276338583 9035349.972170305 11639365.339997126 9946074.422245871 2875396.761954182 19067071.36998779 26226032.950710416 20169340.440300383 8653303.890730584 1111824.9600750753 5677813.890846809 17819666.660346232 16844275.59735132 16195778.476265961 20571073.81186394 8608890.195460012 18961870.819870193 25450778.873171248 18750122.054189898 22277369.587646574 23441618.165539153 11364338.129041983 25853975.50165493 19517219.98533879 19286025.91184991 27114175.879443277 4300252.690325596 12256399.960339082 18438866.111880757 4202559.629238426 14172242.38581555 17110786.619764924 19474485.275978073 17248208.895928748 8853142.148797762 10176771.232592326 20337610.701884035 6246346.752982705 23005398.859968822
