102520440.60011768 52518020.75141579 80090788.83725592 159378052.4123672 890273.861390827 22935602.655686058 126545576.62224464 155831142.86476013 25791483.90010813 108498868.86334261 168159529.74495107 39468713.08024326 34987701.41430495 20446716.079991266 52518020.75141579 26903342.274974316 41028010.46826011 81644400.03297573 456059.5024102231 11749193.128381513 64825347.80521897 79838684.36309966 13212171.921490263 55580582.88781512 86142876.68876374 20218589.390041225 17934362.370164193 10474214.245488293 80090788.83725592 41028010.46826011 62568346.55631157 124508964.9081879 718575.392372783 17917700.1035016 98859651.75543106 121719906.34054276 20171862.34362051 84761243.16622499 131369210.94894008 30833659.575438607 27314958.24945853 15973337.710922133 159378052.4123672 81644400.03297573 124508964.9081879 247768771.20376045 1384017.7950029694 35655637.65400912 196727476.25150365 242218635.80081725 40095384.38151661 168695349.51459926 261420436.63143864 61311698.43896165 54355874.26127018 31786420.034703873 890273.861390827 456059.5024102231 718575.392372783 1384017.7950029694 7731.019722859282 199169.72088764017 1098904.9450230822 1353015.1544158217 223969.81351563026 942189.7367401104 1460274.9754036013 342741.05136877904 303627.8416971059 177556.56111839076 22935602.655686058 11749193.128381513 17917700.1035016 35655637.65400912 199169.72088764017 5131092.551887739 28310442.739544235 34880046.634752735 5770002.773795387 24273080.863428883 37620206.60875693 8829836.423261518 7822185.772689156 4574285.409614751 126545576.62224464 64825347.80521897 98859651.75543106 196727476.25150365 1098904.9450230822 28310442.739544235 156200879.24825025 192320689.53108513 31835585.010924906 133925018.68702693 207566847.46510845 48718002.24463314 43158360.55896562 25238298.443006597 155831142.86476013 79838684.36309966 121719906.34054276 242218635.80081725 1353015.1544158217 34880046.634752735 192320689.53108513 236792826.00533992 39197229.17305628 164893770.53004658 255587830.10146886 59983527.80955781 53138277.464750156 31074389.48173983 25791483.90010813 13212171.921490263 20171862.34362051 40095384.38151661 223969.81351563026 5770002.773795387 31835585.010924906 39197229.17305628 6488468.425181286 27295501.395510323 42304576.32330625 9929304.55632389 8796183.88270045 5143863.4627431575 108498868.86334261 55580582.88781512 84761243.16622499 168695349.51459926 942189.7367401104 24273080.863428883 133925018.68702693 164893770.53004658 27295501.395510323 114825926.18326405 177965668.69122368 41770311.360652626 37003532.06831046 21639056.11079514 168159529.74495107 86142876.68876374 131369210.94894008 261420436.63143864 1460274.9754036013 37620206.60875693 207566847.46510845 255587830.10146886 42304576.32330625 177965668.69122368 275824287.1228027 64738701.788260594 57350796.52624501 33537801.24933015 39468713.08024326 20218589.390041225 30833659.575438607 61311698.43896165 342741.05136877904 8829836.423261518 48718002.24463314 59983527.80955781 9929304.55632389 41770311.360652626 64738701.788260594 15194816.79060182 13483892.399283256 7871655.307669404 34987701.41430495 17934362.370164193 27314958.24945853 54355874.26127018 303627.8416971059 7822185.772689156 43158360.55896562 53138277.464750156 8796183.88270045 37003532.06831046 57350796.52624501 13483892.399283256 11924670.943608299 6973351.170238441 20446716.079991266 10474214.245488293 15973337.710922133 31786420.034703873 177556.56111839076 4574285.409614751 25238298.443006597 31074389.48173983 5143863.4627431575 21639056.11079514 33537801.24933015 7871655.307669404 6973351.170238441 4077900.9142831354 
